#   1 NUMBER          Running object number
#   2 X_IMAGE         Object position along x                         [pixel]
#   3 Y_IMAGE         Object position along y                         [pixel]
#   4 FLUX_AUTO       Flux within a Kron-like elliptical aperture     [count]
#   5 FWHM_IMAGE      FWHM assuming a gaussian core                   [pixel]
#   6 FLAGS           Extraction flags
#   7 ELONGATION      A_IMAGE/B_IMAGE
         1    404.424     14.253            1        1   1        1
         2     39.506     12.314            1        1   1        1
         3    488.827      1.667            1        1   1        1
         4    219.207    491.096            1        1   1        1
         5    318.812    509.317            1        1   1        1
         6     28.354    487.060            1        1   1        1
         7     99.823    480.583            1        1   1        1
         8    475.683    467.670            1        1   1        1
         9    398.648    468.162            1        1   1        1
        10     27.942    466.183            1        1   1        1
        11    254.203    462.541            1        1   1        1
        12    247.457    462.611            1        1   1        1
        13     68.447    455.318            1        1   1        1
        14    261.232    448.380            1        1   1        1
        15    137.267    443.594            1        1   1        1
        16    369.078    421.702            1        1   1        1
        17    201.842    417.496            1        1   1        1
        18    452.204    420.098            1        1   1        1
        19    225.043    411.724            1        1   1        1
        20    116.140    401.377            1        1   1        1
        21     79.047    391.514            1        1   1        1
        22    151.973    389.835            1        1   1        1
        23    258.362    377.192            1        1   1        1
        24    455.019    373.643            1        1   1        1
        25     18.020    360.471            1        1   1        1
        26    285.236    358.333            1        1   1        1
        27    413.742    352.493            1        1   1        1
        28    289.073    345.786            1        1   1        1
        29     42.085    330.142            1        1   1        1
        30    343.505    305.018            1        1   1        1
        31     32.390    301.727            1        1   1        1
        32    224.497    294.744            1        1   1        1
        33     81.982    288.771            1        1   1        1
        34     93.217    281.874            1        1   1        1
        35    285.229    276.169            1        1   1        1
        36    460.235    269.713            1        1   1        1
        37    422.148    265.642            1        1   1        1
        38    291.396    267.373            1        1   1        1
        39    462.462    251.794            1        1   1        1
        40    413.921    251.418            1        1   1        1
        41     51.106    249.354            1        1   1        1
        42    297.299    242.439            1        1   1        1
        43    200.660    241.374            1        1   1        1
        44    145.549    242.696            1        1   1        1
        45    239.237    235.841            1        1   1        1
        46    124.557    237.256            1        1   1        1
        47     33.534    235.566            1        1   1        1
        48    286.815    229.104            1        1   1        1
        49     65.629    227.925            1        1   1        1
        50    254.100    220.497            1        1   1        1
        51    218.164    217.968            1        1   1        1
        52    265.332    215.166            1        1   1        1
        53    342.797    200.427            1        1   1        1
        54    300.062    192.349            1        1   1        1
        55     44.883    186.311            1        1   1        1
        56    274.455    185.134            1        1   1        1
        57     61.045    175.832            1        1   1        1
        58     85.958    168.424            1        1   1        1
        59     19.540    145.702            1        1   1        1
        60    352.536    147.454            1        1   1        1
        61    176.756    127.568            1        1   1        1
        62    403.315    127.067            1        1   1        1
        63     36.985    121.794            1        1   1        1
        64    162.438    122.036            1        1   1        1
        65    403.718    111.776            1        1   1        1
        66    519.795    103.001            1        1   1        1
        67    437.163     94.510            1        1   1        1
        68    500.513     82.140            1        1   1        1
        69    295.051     75.073            1        1   1        1
        70    354.671     71.491            1        1   1        1
        71    414.204     65.298            1        1   1        1
        72    216.498     65.315            1        1   1        1
        73    405.911     57.446            1        1   1        1
        74    449.829     52.172            1        1   1        1
        75    333.339     43.482            1        1   1        1
        76    197.368     41.260            1        1   1        1
        77    113.170     22.550            1        1   1        1
        78    339.049     21.221            1        1   1        1
        79     57.073     17.802            1        1   1        1
        80     39.076    492.728            1        1   1        1
        81    103.300     15.250            1        1   1        1
        82     80.767    490.185            1        1   1        1
