#   1 NUMBER          Running object number
#   2 X_IMAGE         Object position along x                         [pixel]
#   3 Y_IMAGE         Object position along y                         [pixel]
#   4 FLUX_AUTO       Flux within a Kron-like elliptical aperture     [count]
#   5 FWHM_IMAGE      FWHM assuming a gaussian core                   [pixel]
#   6 FLAGS           Extraction flags
#   7 ELONGATION      A_IMAGE/B_IMAGE
         1    370.760      9.868            1        1   1        1
         2    343.275     10.337            1        1   1        1
         3    556.750      6.012            1        1   1        1
         4    560.882      4.102            1        1   1        1
         5    281.565      1.768            1        1   1        1
         6    451.489    554.665            1        1   1        1
         7    282.519    582.236            1        1   1        1
         8    534.339    554.848            1        1   1        1
         9     74.962    554.117            1        1   1        1
        10    167.953    551.000            1        1   1        1
        11    129.005    538.848            1        1   1        1
        12    478.781    536.997            1        1   1        1
        13    479.669    533.696            1        1   1        1
        14     91.624    534.700            1        1   1        1
        15    280.964    531.830            1        1   1        1
        16    577.992    522.770            1        1   1        1
        17    575.761    520.474            1        1   1        1
        18    383.904    519.873            1        1   1        1
        19     51.066    518.491            1        1   1        1
        20    520.667    512.698            1        1   1        1
        21    521.269    509.527            1        1   1        1
        22    232.158    511.012            1        1   1        1
        23     16.435    504.766            1        1   1        1
        24     20.433    501.338            1        1   1        1
        25     69.711    495.940            1        1   1        1
        26    194.566    501.006            1        1   1        1
        27    277.681    488.960            1        1   1        1
        28    256.349    488.297            1        1   1        1
        29    254.094    485.127            1        1   1        1
        30    130.911    479.429            1        1   1        1
        31    518.252    474.997            1        1   1        1
        32    515.038    473.000            1        1   1        1
        33     16.960    474.139            1        1   1        1
        34    536.060    461.142            1        1   1        1
        35    414.630    460.120            1        1   1        1
        36    465.500    459.478            1        1   1        1
        37    571.919    451.396            1        1   1        1
        38    263.980    441.527            1        1   1        1
        39    261.009    436.964            1        1   1        1
        40    257.778    442.990            1        1   1        1
        41    131.212    437.583            1        1   1        1
        42    502.323    432.006            1        1   1        1
        43    498.996    433.177            1        1   1        1
        44    158.970    432.838            1        1   1        1
        45    277.498    431.049            1        1   1        1
        46    511.035    424.288            1        1   1        1
        47    508.123    421.826            1        1   1        1
        48    562.848    422.179            1        1   1        1
        49    560.480    418.514            1        1   1        1
        50    444.407    419.730            1        1   1        1
        51    426.985    419.081            1        1   1        1
        52     18.191    414.115            1        1   1        1
        53     17.650    409.674            1        1   1        1
        54    444.690    410.438            1        1   1        1
        55     76.932    375.643            1        1   1        1
        56    127.751    374.936            1        1   1        1
        57    139.581    373.979            1        1   1        1
        58    493.986    360.863            1        1   1        1
        59    403.081    358.945            1        1   1        1
        60    560.999    356.730            1        1   1        1
        61    394.050    352.074            1        1   1        1
        62    340.149    346.804            1        1   1        1
        63    215.242    345.858            1        1   1        1
        64    553.020    343.178            1        1   1        1
        65    527.280    337.996            1        1   1        1
        66    526.586    333.179            1        1   1        1
        67    109.843    331.916            1        1   1        1
        68    216.844    306.018            1        1   1        1
        69    282.974    292.791            1        1   1        1
        70    298.022    293.000            1        1   1        1
        71    290.179    288.520            1        1   1        1
        72    292.000    299.564            1        1   1        1
        73    289.679    294.681            1        1   1        1
        74    350.683    296.322            1        1   1        1
        75    348.491    293.378            1        1   1        1
        76    491.772    289.225            1        1   1        1
        77    283.733    285.290            1        1   1        1
        78    448.903    284.521            1        1   1        1
        79    259.827    284.609            1        1   1        1
        80    165.158    281.602            1        1   1        1
        81    305.016    279.121            1        1   1        1
        82    249.679    278.779            1        1   1        1
        83    247.968    273.949            1        1   1        1
        84    150.916    276.126            1        1   1        1
        85    525.021    264.430            1        1   1        1
        86    358.137    263.608            1        1   1        1
        87    300.975    262.190            1        1   1        1
        88    272.995    260.130            1        1   1        1
        89    323.163    253.602            1        1   1        1
        90     98.866    253.256            1        1   1        1
        91     41.316    248.152            1        1   1        1
        92     47.299    246.849            1        1   1        1
        93    130.988    245.219            1        1   1        1
        94    128.264    243.686            1        1   1        1
        95    387.110    241.647            1        1   1        1
        96    315.561    240.145            1        1   1        1
        97     26.358    240.257            1        1   1        1
        98     27.065    230.964            1        1   1        1
        99    295.955    218.770            1        1   1        1
       100    298.148    225.920            1        1   1        1
       101    300.991    221.822            1        1   1        1
       102    339.479    223.998            1        1   1        1
       103    440.938    215.953            1        1   1        1
       104    225.841    205.223            1        1   1        1
       105     90.218    205.990            1        1   1        1
       106     87.948    201.104            1        1   1        1
       107    286.992    205.018            1        1   1        1
       108    149.116    203.440            1        1   1        1
       109    317.890    197.493            1        1   1        1
       110    500.771    195.090            1        1   1        1
       111     81.309    185.949            1        1   1        1
       112     71.485    176.340            1        1   1        1
       113     88.688    175.402            1        1   1        1
       114     80.725    168.262            1        1   1        1
       115    506.958    190.208            1        1   1        1
       116    572.719    178.347            1        1   1        1
       117    292.694    179.320            1        1   1        1
       118    294.911    175.851            1        1   1        1
       119    290.691    172.947            1        1   1        1
       120    529.340    173.875            1        1   1        1
       121    429.005    150.896            1        1   1        1
       122    426.141    146.153            1        1   1        1
       123    551.924    146.487            1        1   1        1
       124    434.124    131.531            1        1   1        1
       125    114.248    116.941            1        1   1        1
       126    290.668    110.439            1        1   1        1
       127    341.486    110.040            1        1   1        1
       128    476.706    102.945            1        1   1        1
       129     49.886    100.157            1        1   1        1
       130    531.082     93.976            1        1   1        1
       131    510.277     88.978            1        1   1        1
       132    464.929     88.497            1        1   1        1
       133    298.977     86.747            1        1   1        1
       134    297.142     83.808            1        1   1        1
       135    101.914     74.321            1        1   1        1
       136    554.553     73.544            1        1   1        1
       137    552.157     69.755            1        1   1        1
       138    561.747     61.188            1        1   1        1
       139      5.023     55.882            1        1   1        1
       140      8.834     53.234            1        1   1        1
       141    243.528     47.519            1        1   1        1
       142    329.181     45.099            1        1   1        1
       143    383.000     39.895            1        1   1        1
       144    376.106     40.632            1        1   1        1
       145    378.924     34.093            1        1   1        1
       146    234.985     33.605            1        1   1        1
       147    115.953     30.159            1        1   1        1
       148    111.001     32.038            1        1   1        1
       149    111.306     27.688            1        1   1        1
       150     36.399     16.644            1        1   1        1
       151    307.049     15.215            1        1   1        1
       152    193.803     14.864            1        1   1        1
       153    460.699    577.058            1        1   1        1
       154     95.268    573.346            1        1   1        1
       155    452.398    562.180            1        1   1        1
       156    458.006    559.036            1        1   1        1
