110.29991380110164 71.30246577612692
110.47358739932231 71.32785132114728
110.4177374404801 71.31112665215608
110.42045529479837 71.32526612562283
110.42151722282723 71.31892964883649
110.4207008933394 71.32148709185543
110.41189281434649 71.31852610926275
110.47179533682701 71.33379392913709
110.51160072537441 71.3346585648302
110.43630149596433 71.33242766106835
110.46689660661725 71.31495898175683
110.4634984873219 71.31505650165802
110.46952190556505 71.31722911288188
110.4560561717021 71.3177365463392
110.46520167125544 71.31729655076441
110.44629637235826 71.31392905210438
110.42381360795281 71.3190547137836
110.40658704026941 71.31802408471079
110.45256064146041 71.3155628834771
110.41730478402582 71.32065902306627
110.44203560212253 71.31710464951003
110.46561255715159 71.31858463423423
110.4686159972198 71.31342573052252
110.44978892555214 71.31345216072573
110.45954472135017 71.31457832629454
110.504513001184 71.31820597846031
110.45060736941767 71.33035137952962
110.44445625002655 71.3324386342103
110.37871649641056 71.33160506485372
110.48098132642082 71.31049709039772
110.45029278372934 71.33705283602048
110.48782490186755 71.32118285283357
110.49276645150577 71.32970158016916
110.44747638691209 71.32992646629748
110.43620010805877 71.32869664509447
110.47247962361502 71.32843761875753
110.46706274249263 71.31720301707698
110.44685011220518 71.31397094337278
110.44552785292039 71.31379522335632
110.47201914604098 71.32960821446278
110.44530392030855 71.32749540936696
110.43226547383112 71.31334507810952
110.44349780458263 71.3240413099935
110.4678765868359 71.32693170872056
110.46601138895913 71.3292316068974
110.45895158401503 71.32962130871472
110.43041028458777 71.32608318884249
110.43214115394622 71.33593260532605
110.45588248473392 71.31912420404599
110.47886298800341 71.31358173207292
110.46756302155633 71.31189006300008
110.47114193148975 71.31469112658212
110.46127411121086 71.31437129077281
110.45666510836689 71.31620735600863
110.45120833410027 71.31416908620764
110.4470040447456 71.31729453960568
110.48223022472968 71.31115533780081
110.49379158828478 71.32976461616167
110.44059018050943 71.30187879671749
110.42243875094958 71.30207879854973
110.43312003722815 71.30338260272413
110.46184293769174 71.3247575259755
110.46829704408755 71.33468178132858
110.45658361818768 71.32067399521962
110.48216855919821 71.34417544516407
110.45919907480108 71.33287457170935
110.46174488078024 71.33642643538502
110.3474112617534 71.31847036523696
110.35899167651661 71.32432276326017
110.44205211109254 71.32482162052345
110.46666990717081 71.33233677975379
110.41634196330354 71.32015611728745
110.44451349658083 71.32619936379527
110.49151110294818 71.32898306948874
110.45396277279256 71.31878993083178
110.485104111551 71.30665471636554
110.48746498111139 71.336212027024
110.45821355892285 71.33936968457382
110.47240293111278 71.33772747323137
110.44919560616252 71.32262649068242
110.4335442171677 71.3225294390018
110.44384949927884 71.32367008980177
110.50190012548474 71.34218290524426
110.45920640651495 71.31171872257401
110.45129170379664 71.30939451312841
110.45210646478512 71.31216599137439
110.443434336626 71.30980235769708
110.44374717205044 71.31447285400793
110.44137253014908 71.31045636228613
110.46076305656197 71.31238662963315
110.44247811438991 71.30877875478755
110.458205426005 71.3119833771411
110.44954818271655 71.31120456397002
110.45034253743493 71.312734179021
110.44183571471143 71.31151188392032
110.45499867836733 71.30686222102706
110.43598060552137 71.30613077081559
110.4446222377132 71.30422225077814
110.44153449963294 71.30210519615373
110.43250013357614 71.304319278181
110.48650296257213 71.31264541293103
110.50155236546362 71.33576860479461
110.47865897202138 71.31618048616227
110.51922086831865 71.28241311748397
110.51490369862204 71.28311005983613
110.50490014961582 71.3159861546939
110.51661893798568 71.28044070189003
110.49546653920451 71.31698936233894
110.50332964234626 71.31604192873749
110.47696232638125 71.33083110361977
110.45072906324795 71.31552237401351
110.4687494741632 71.41568271592789
110.45027393124549 71.33060316145102
110.46860902972887 71.34442081144522
110.48736548053097 71.32321188783956
110.43691793720724 71.32763142797809
110.49591299187114 71.33392155070155
110.46369570735469 71.3314927172547
110.448170963276 71.32935258232655
110.42087569269182 71.31759584639363
110.41710130122559 71.31559809358059
110.4470509886084 71.31190100214683
110.43332096083208 71.33197260644732
110.4647982811757 71.32814585275868
110.43435851600393 71.32629814056439
110.51920961705683 71.32557883233576
110.43635573852056 71.31634267340566
110.41804724305916 71.31601372584107
110.50577866121617 71.32088030489335
110.49334547016726 71.31833493112933
110.47949917395695 71.32446158349475
110.47055470304865 71.32546013795384
110.43310657173936 71.31786069129471
110.4339525221051 71.31246509424699
110.45694783037348 71.32374758297905
110.4926378728065 71.32692940924858
110.41821271859361 71.31909848490503
110.41398242978953 71.33137663312502
110.40451780616392 71.32726167899983
110.42308084769809 71.32017699671147
110.42030963871322 71.32434445512692
110.49166625827446 71.3259660312182
110.47125776542579 71.31966355749411
110.46201296428693 71.33456060526933
110.4369373152347 71.32021914997951
110.43802855709617 71.34143761646774
110.48416609797982 71.3180553325781
110.5053886978518 71.31726132023624
110.48582300720034 71.31633525053894
110.49356467552181 71.31835934006183
110.50183102520229 71.31643996919401
110.45268074636289 71.34160985361586
110.4595140485638 71.31451985980767
110.50951717252748 71.31070863147339
110.49089634570564 71.3103302017565
110.46448022257141 71.3115670696987
110.4632975874961 71.34236213955245
110.44257672259224 71.31636468020787
110.46233422423997 71.3204045423961
110.4502382784048 71.3342649273332
110.49368932334494 71.31921011439569
110.41302615260554 71.26321039323382
110.40628617461421 71.26183031049334
110.40284431668282 71.26483671029352
110.49237081743766 71.32769252865582
110.49144380364147 71.32041530167469
110.48543970207436 71.32305892151399
110.48199310831771 71.32942833271846
110.46869302315888 71.3368380587544
110.43048931249345 71.31945774164974
110.42883189682975 71.31347849032925
110.42493094574668 71.3168217857363
110.45973977466294 71.31753806162173
110.45679069432356 71.32056712057846
110.46330934114933 71.34261715920265
110.40867874787305 71.29378721019722
110.44882343455029 71.33086385961225
110.44108332737912 71.33790557992837
110.46532170127783 71.33115745409044
110.41737959242047 71.32422187971632
110.42032202492642 71.32146763304674
110.38516775256878 71.32127442088772
110.38746728559262 71.32508867790183
110.5071372294505 71.31157173388986
110.45679288002258 71.32079301103686
110.44011838844013 71.31934165777498
110.47895647449599 71.31667468340146
110.47242221185526 71.31503514579244
110.46895260040456 71.31853477097137
110.50795791288277 71.3183013143169
110.38126371937517 71.31064937586646
110.43772679578593 71.31494837786016
110.43572071057946 71.32193997259324
110.47423783799323 71.33813244989686
110.43700537469435 71.32413672055512
110.4217826816477 71.31059168148876
110.43146467105645 71.3213035496712
110.44728921640248 71.31238247231173
110.44661908098077 71.31563383258319
110.4421489566048 71.3162728134171
110.42682115125832 71.31572652079291
110.48504021054977 71.34452695591791
110.45473457677203 71.33631243274836
110.47715087806685 71.31866562501143
110.49691631450781 71.33485035239545
110.46123090800947 71.3294364368375
110.42041322510994 71.3333840758418
110.43905642010554 71.32332310178718
110.44588683403303 71.32247918984027
110.44535500946336 71.31651385713067
110.44385546018735 71.32007799649371
110.43455837911529 71.31284725506093
110.45726032937561 71.32072707935785
110.4408219538051 71.32077824363809
110.44999433440154 71.32253815044288
110.3884474424604 71.32002721933137
110.45895511181268 71.3247347617113
110.45354955412508 71.3258564382658
110.45407845273898 71.32316599018516
110.38845096609556 71.32223164743067
110.39008611279272 71.3231665645829
110.48127933217718 71.33021427736112
110.52630362718965 71.29170052309789
110.53631330503295 71.2900162121491
110.54922400603508 71.28873918497302
110.53019777866902 71.29138706597752
110.45535729176687 71.31568247857972
110.48803969068352 71.30121317398239
110.47620926037166 71.3025435593299
110.47788526023835 71.31897990662722
110.4250997016744 71.32234097776423
110.47211454395698 71.33453430997372
110.4256805083732 71.32241478206905
110.44203296784038 71.31701100135984
110.4387892587073 71.31940061528414
110.43243780134053 71.32078262294318
110.42094611848493 71.31635494525544
110.43269052083934 71.31717307688234
110.42057023683176 71.3164218607351
110.46072025249208 71.32969382280692
110.4870613737621 71.32231146100663
110.47449055969875 71.3184211231809
110.48447189337847 71.31971987971737
110.44743004559918 71.32492283674797
110.50647142234455 71.33511335867972
110.50756124954772 71.32884585083251
110.46149588563127 71.32978671477154
110.45206831074044 71.322860504896
110.46482806880195 71.32183092224294
110.46201165486954 71.3340953233833
110.46787585737695 71.31944486670845
110.48406822049841 71.3250257441075
110.43551008769847 71.32599955916581
110.45808643473788 71.33657173810693
110.43006387438072 71.31993391659023
110.4700704217799 71.31188221848159
110.44953040075394 71.32541282731906
110.4451356107712 71.32440457841507
110.44277815706593 71.32808716491228
110.48060707102647 71.3165367908299
110.4564515925458 71.31057322658592
110.46370052664885 71.31992038566955
110.47273504613628 71.3134689458968
110.468505390508 71.31966892255555
110.466779207879 71.31671253056632
110.43023441544536 71.31467875561036
110.46904108775833 71.31375662271259
110.50732966877477 71.30629254829397
110.49128689534689 71.30992008471266
110.42944442539006 71.31323768366403
110.47285893070799 71.32018125090555
110.43140229707073 71.31586119099495
110.47076086958242 71.31607599823336
110.48572535303614 71.3085859848545
110.4041125094416 71.31470060583946
110.39855879030632 71.31296566443427
110.44225270734901 71.32119736983621
110.41092710015594 71.30877387700859
110.52248496651244 71.30692311592139
110.49846851491873 71.31791969266995
110.51800172081954 71.32797193371096
110.5083106172513 71.32148099807581
110.45897966107012 71.31765961762439
110.45317504829734 71.32701211667583
110.44681640437045 71.32830990223513
110.43699199908775 71.32307747162409
110.4559343496408 71.31264770324259
110.4281526211912 71.31925088821154
110.46917717798188 71.32212284003855
110.45815161466074 71.31861098879887
110.46740581844787 71.31836651833902
110.51476554326076 71.33781796720406
110.46360403974857 71.32781533973163
110.46191524017866 71.32181495577959
110.45832987466433 71.32480530669106
110.44177771378628 71.32032898470632
110.42449968445003 71.31968355543894
110.43993222214748 71.31881511746839
110.45455101229525 71.32549993673805
110.43525440049372 71.31048334678682
110.45757995985895 71.33255535348887
110.50338780905973 71.32773074476698
110.43648754157998 71.32777398321498
110.48074958026059 71.32898744930127
110.44122504820034 71.33478952611448
110.40916734134751 71.35466576882864
110.43602969307483 71.3268848829208
110.49105861339703 71.31625672686764
110.44393673706175 71.31838858602075
110.45138620726944 71.33418774584797
110.41264393240603 71.32819657372879
110.38962288787876 71.32110284278018
110.4785398647982 71.31757633361538
110.50663068083267 71.3404173701894
110.47909214741068 71.32958979523991
110.43010869962457 71.3213117779939
110.52352713390121 71.3014186422116
110.51595868370437 71.30275064385918
110.45581352381058 71.32376050355057
110.45680014562659 71.31775415373649
110.4676743491541 71.33408000745932
110.46697760813058 71.328294971118
110.46035715292444 71.33102432173499
110.47535802136541 71.34461296014759
110.44687515705566 71.31660402504396
110.4535340039425 71.33010109382019
110.46612768917973 71.33225855918283
110.44096859505537 71.33234114462708
110.40098253512473 71.31583183467511
110.41095029129289 71.31761966844746
110.48248362311959 71.32617406119891
110.43974846611229 71.32403573530136
110.44814643443183 71.32341348557188
110.47412823317615 71.33045981610397
110.45684796655374 71.32099744891138
110.45157960701123 71.31953034143277
110.42565834945 71.31876921146397
110.4502330436725 71.31196047658236
110.43868281735843 71.30989026180069
110.4361273307876 71.31282259903601
110.50125605634452 71.32957670574532
110.50540294672953 71.34177408236623
110.4899459139666 71.31556246561495
110.4279410078712 71.32053578651039
110.48494308783428 71.3120433135229
110.43572253988667 71.31579520236701
110.47688234724677 71.31032203205778
110.47479026511098 71.30867839001041
110.44760610796622 71.32002034628609
110.47374037883424 71.31154877082012
110.44790875625826 71.31655676717246
110.52244324557493 71.32024107216249
110.47659965722093 71.33692862309732
110.48813383657205 71.32115518734982
