#   1 NUMBER          Running object number
#   2 X_IMAGE         Object position along x                         [pixel]
#   3 Y_IMAGE         Object position along y                         [pixel]
#   4 FLUX_AUTO       Flux within a Kron-like elliptical aperture     [count]
#   5 FWHM_IMAGE      FWHM assuming a gaussian core                   [pixel]
#   6 FLAGS           Extraction flags
#   7 ELONGATION      A_IMAGE/B_IMAGE
         1    198.265     25.524      5643.98     2.23   0    1.095
         2    215.029    501.689      5828.27     2.44   0    1.113
         3    507.014    492.060        19576     3.05   3    1.044
         4    513.751    484.437       109940     3.38   3    1.145
         5    210.222    487.128      35403.1     2.38   0    1.051
         6    168.846    476.064      4056.18     2.40   0    1.080
         7    191.728    467.475      3313.23     2.50   0    1.063
         8    452.107    462.429      2919.71     2.54   0    1.148
         9     94.733    454.177      2375.72     2.32   0    1.089
        10    306.251    443.956      4411.55     4.95   0    1.281
        11    408.838    428.135       6631.9     2.57   0    1.200
        12    226.519    425.708      2630.48     2.34   0    1.036
        13     33.694    410.764      5478.16     2.39   0    1.149
        14     81.805    406.969      5257.92     2.35   0    1.069
        15     23.543    404.795      63752.9     2.28   0    1.092
        16    175.733    402.816      2490.91     2.34   0    1.099
        17     84.404    387.419      28022.8     2.22   0    1.073
        18    120.469    388.961      2330.28     2.32   0    1.266
        19    131.065    367.484      3582.24     2.28   0    1.107
        20    231.325    339.372      3440.59     2.27   0    1.106
        21    303.097    332.321      2477.85     3.07   0    1.356
        22    262.728    324.550      32011.4     2.43   0    1.081
        23    408.471    319.928      5117.89     2.36   0    1.056
        24    388.928    317.192      6712.29     2.38   0    1.094
        25     43.472    310.589      13470.2     2.16   0    1.058
        26    135.657    297.273      4527.32     2.17   0    1.008
        27    132.434    291.654      3197.67     2.24   1    1.024
        28    355.183    283.125      2188.49     2.11   0    1.063
        29    226.552    277.220      8916.96     3.93   0    1.091
        30     25.983    261.360      4135.65     2.48   0    1.235
        31    413.485    259.987      2807.44     2.70   0    1.299
        32     56.802    252.831      4380.56     2.38   0    1.135
        33    187.719    239.529       3373.9     2.37   0    1.039
        34    344.710    220.317      23005.5     2.29   0    1.023
        35    402.830    217.962      7077.02     4.34   0    1.176
        36    112.956    208.402      3794.16     2.18   0    1.106
        37    287.604    184.361      2816.96     2.83   0    1.143
        38    353.183    179.209      13498.6     2.46   0    1.026
        39    231.653    177.493      10534.2     2.20   0    1.029
        40    353.681    170.373       2897.8     2.46   0    1.036
        41    527.109    150.766       373182     4.52  24    1.761
        42    274.186    151.893      46664.9     2.17   0    1.010
        43    450.751    153.227      3984.12     2.81   0    1.093
        44    212.645    140.243      12757.2     2.20   0    1.068
        45    430.591    121.261      50406.2     2.61   0    1.059
        46    306.410    115.029      3158.11     2.49   0    1.122
        47    148.685    108.732      31643.5     2.11   0    1.071
        48    444.102    109.268      3086.91     1.01   0    1.175
        49    244.265     88.668      2369.87     2.87   0    1.169
        50    456.642     84.073      2856.14     2.35   0    1.228
        51    322.588     81.603      2401.93     2.52   0    1.107
        52     56.968     75.201      6443.24     2.13   0    1.059
        53     99.807     68.843       107082     2.15   0    1.117
        54    221.951     59.296      5922.05     2.24   0    1.033
        55    473.227     40.279      12523.9     8.23   0    1.322
