#   1 NUMBER          Running object number
#   2 X_IMAGE         Object position along x                         [pixel]
#   3 Y_IMAGE         Object position along y                         [pixel]
#   4 FLUX_AUTO       Flux within a Kron-like elliptical aperture     [count]
#   5 FWHM_IMAGE      FWHM assuming a gaussian core                   [pixel]
#   6 FLAGS           Extraction flags
#   7 ELONGATION      A_IMAGE/B_IMAGE
         1    972.659     10.724      651.629     6.43   0    1.232
         2    183.200      9.799      204.742     5.52   0    1.733
         3    886.618      9.163      538.634     5.31   3    1.493
         4    883.434      7.017      351.867     4.89   3    1.784
         5    886.733      5.023      146.091     5.41  19    1.135
         6    561.515      6.324       841.72     8.65  19    1.671
         7    565.796      5.210      705.651     7.78  19    3.990
         8    573.084      2.469      831.122     8.27  27    2.096
         9    569.486      4.492      812.448     6.41  27    3.931
        10     54.824      3.689      1412.89     7.51  24    1.040
        11    149.010      2.429      172.252     4.99  24    1.454
        12    914.620     33.847     -1173.65    12.05   3    1.512
        13    103.000     32.000     -1692.18    11.65   3    1.855
        14    194.189     24.442     -1135.06    11.77   3    1.184
        15    199.172     35.922      323.031    17.63   3    1.314
        16    112.865     31.017      716.337    13.07   3    1.342
        17    205.437     29.583      122.613     9.41   3    1.377
        18    899.251     37.175     -3373.81    14.81   3    1.155
        19    905.458     30.270     -1571.95     9.93   3    1.212
        20    201.266     24.390     -1135.08     6.26   3    1.461
        21    901.164     46.338      590.221    10.82   3    1.966
        22    738.592     53.551     -1771.92    19.69   2    1.323
        23    108.345     38.265      267.982     8.69   3    1.171
        24    910.560     48.497      156.536    15.58   3    1.922
        25    191.939     28.533      -1138.4     5.69   3    1.937
        26    918.619     40.814     -683.896     8.27   3    1.862
        27    735.698     46.001      122.401     5.52   3    1.144
        28    745.129     60.585      108.427     6.11   3    1.602
        29   1133.360     56.862      185.109     5.28   0    1.949
        30    115.507     61.967     -197.581     4.69   0    2.492
        31    180.000     88.544      -469.87     6.72   3    2.533
        32    184.940     92.036      669.898     7.49   3    1.256
        33    498.957     82.496      1323.69     6.89   0    1.269
        34    182.567     83.822     -104.711     5.29   3    1.003
        35    187.410     87.462       105.28     6.65   3    2.240
        36    293.182    103.736      611.205    11.22   2    1.836
        37    288.003     99.628      381.021     7.63   3    1.606
        38    287.694    103.683       683.45     4.11   3    1.522
        39     53.574    126.290     -1156.51     9.75   3    1.968
        40     57.468    121.297     -2573.68    12.30   3    1.297
        41    193.530    141.077      876.656     7.00   0    2.620
        42     98.620    145.361      666.932     8.37   2    1.462
        43    100.513    149.003      328.996     5.68   3    1.060
        44     40.973    950.472      577.987     6.09   3    1.771
        45    571.500   1160.000      1295.44     7.82  19    1.055
        46    564.501   1160.000      2026.53     8.60  19    1.256
        47    125.983   1163.464      779.229     7.74  27    1.480
        48    129.040   1160.487       426.11     7.13  19    1.600
        49    980.092   1160.415     -154.783    15.33  19    1.930
        50    974.380   1158.264      320.313     6.26  19    1.304
        51    974.054   1152.992      179.707     6.44   3    1.881
        52    743.310   1158.555      719.917     6.46   0    1.205
        53    637.498   1145.686      496.593     5.95   3    1.585
        54      8.564   1150.804      833.527     6.32   0    1.498
        55    909.130   1148.249      806.021     6.55   0    1.302
        56    553.279   1147.267        494.6     7.17   3    1.730
        57    550.244   1145.704      499.791     6.18   3    1.486
        58    725.009   1145.978     -1078.79     8.06   3    1.336
        59    730.876   1142.666       1308.2     8.47   3    1.143
        60    726.480   1140.000      331.027     6.51   3    2.124
        61   1134.134   1134.542      340.938     6.27   0    1.934
        62    840.006   1081.005     -403.009     6.27   3    1.814
        63    903.219   1049.964     -5637.36    20.69   3    3.104
        64    868.514   1047.777     -16087.5    30.83   3    1.748
        65    893.703   1039.442      1799.78    16.17   3    1.577
        66    885.060   1033.292     -104.518    14.67   3    1.601
        67    670.717   1070.034      382.344     5.44   3    1.216
        68    670.194   1064.969      1155.79     9.12   2    2.057
        69    185.999    919.013      278.443     4.46   3    1.397
        70    182.336    919.308      47.4796     5.65   3    1.375
        71    564.970    920.436      274.053     5.34   0    1.715
        72    596.526    916.425      753.998     5.98   0    1.020
        73    882.667    912.685       482.07     8.06   3    2.448
        74    878.998    912.740      963.975    10.14   3    2.377
        75    341.008    912.500      72.0849     5.59   3    1.160
        76    337.210    912.569      71.9692     5.41   3    1.289
        77    877.662    896.698      918.237     5.86   0    1.113
        78    603.477    894.479      461.393     5.84   0    1.099
        79     62.036    886.338      727.813     7.25   0    1.556
        80    940.970    877.802      495.893    16.09   3    1.179
        81    931.929    874.503      479.073     8.89   3    1.139
        82    937.476    869.926       485.79     6.97   3    1.247
        83    315.873    875.785      1052.13     8.26   0    1.512
        84    442.294    859.065      803.571     7.85   0    1.593
        85    984.075    847.493      577.158     8.39   0    1.257
        86    694.501    846.040      624.674     7.63   0    1.734
        87    589.208    836.059      797.881    10.60   0    1.186
        88   1056.870    835.838      804.936     7.56   0    1.043
        89   1167.297    835.323      941.168     4.94  27    2.116
        90   1165.000    830.979      108.953     8.93  19    1.707
        91    399.118    835.760     -144.648     6.94   0    1.998
        92    851.459    834.458      963.253     5.98   0    1.050
        93    768.495    830.000      246.467     7.28   3    1.678
        94    772.534    827.004      530.385    11.11   3    1.923
        95    764.855    826.332      364.073    10.69   3    2.877
        96    593.456    803.701      161.137     9.60   2    1.262
        97    596.737    799.508      432.298     7.08   3    1.717
        98    764.508    783.112      309.998     4.76   0    2.566
        99    105.495    769.871      495.905     5.86   0    3.871
       100    525.099    758.897       921.55     7.57   0    1.014
       101    251.891    751.534         -115     7.90   0    1.488
       102     81.380    747.030      246.918     7.67   3    1.749
       103     84.422    744.872      278.074     6.79   3    2.214
       104    652.030    743.654      394.521     8.46   0    1.036
       105    852.006    742.000     -323.091     6.83   3    3.081
       106    853.151    739.277      320.485     8.18   3    2.041
       107    836.197    736.475     -717.617     7.74   3    1.368
       108    838.134    741.143     -195.116     9.22   3    2.507
       109    831.950    739.500      -302.69     5.77   3    1.010
       110    370.625    733.521      919.272     6.02   0    1.043
       111    760.827    724.225      372.041    11.13   3    2.560
       112    765.997    720.726      2495.51    15.26   2    1.832
       113    519.010    705.486      50.9906     6.79   0    1.877
       114    156.936    701.413      1367.51    11.10   3    1.391
       115    159.000    695.998      242.179     4.52   3    1.439
       116    156.016    693.553      63.2955    10.08   3    2.422
       117    785.881    690.561       716.27     6.68   0    1.251
       118   1007.260    688.010      206.147     5.45   3    1.124
       119   1009.253    685.014      265.009     7.26   3    1.672
       120    952.311    686.014       246.22     5.68   0    1.764
       121    571.736    684.477      1321.38     6.98   0    1.339
       122    947.762    658.614      120.431     6.25   0    1.283
       123    372.844    658.998     -187.992     6.36   3    1.198
       124    370.224    653.758     -427.382     6.52   3    1.458
       125    373.676    653.316     -455.748     7.81   3    2.139
       126    567.306    654.020       216.82     8.48   3    2.413
       127    570.529    650.988     -437.395     8.55   3    2.128
       128    636.638    640.976      943.144     7.22   0    1.704
       129    826.976    624.911      485.718     7.81   0    1.395
       130    405.205    625.414      692.772     5.44   3    1.208
       131    401.471    625.506      906.631     5.78   3    1.132
       132   1115.016    619.624      297.676     5.40   0    1.728
       133    888.565    601.499     -152.863     4.20   3    1.826
       134    886.390    597.631     -425.789     5.38   3    1.373
       135    885.251    605.651     -440.728    11.27   3    2.003
       136    879.033    599.095      801.033    11.78   3    1.651
       137    152.561    601.813      847.868     7.26   0    1.695
       138   1050.152    601.274      174.103     6.02   0    1.909
       139    598.299    581.379      1723.53     9.47   3    5.692
       140    583.374    565.137      1109.62     7.21   3    6.448
       141    583.319    596.791      1583.35     8.53   3    5.965
       142    567.388    581.000      1318.35     7.52   3    5.547
       143    586.378    583.254      -882.56     9.19   3    2.677
       144    586.523    576.461     -494.458     7.46   3    1.535
       145    578.521    584.866      -1302.1    13.19   3    1.887
       146    577.780    577.206     -3132.28    15.02   3    1.988
       147    217.908    590.251      69.7713    10.73   0    1.252
       148    163.545    566.513      1230.89     6.11   0    1.021
       149    787.310    554.828      577.696     6.19   0    1.836
       150    995.145    548.522      294.097     8.14   0    1.838
       151    839.717    529.557      912.488    11.31   2    2.954
       152    843.158    525.612     -449.419     9.12   3    1.608
       153    248.843    527.512       567.01    11.34   0    1.086
       154    556.574    526.089      1615.62    10.81   0    1.162
       155    695.521    523.992       608.11     4.78   0    2.599
       156    661.515    517.820      -878.98    12.71   3    1.151
       157    668.473    520.548      -117.52     8.54   3    2.495
       158    668.761    514.021     -661.434     7.15   3    1.268
       159   1019.565    519.801      891.449     5.81   0    1.121
       160    404.353    515.578      696.609    10.27   0    1.129
       161    776.559    513.549      913.155     5.97   0    1.098
       162   1060.511    511.268      222.316     4.68   0    2.485
       163   1047.682    508.683     -792.356    11.74   2    1.092
       164     88.916    508.360      1684.68     7.37   0    1.191
       165    271.614    494.639      1205.87    10.81   0    1.365
       166    904.652    489.122      1230.88    10.32   3    1.855
       167    904.791    497.366        293.7     9.50   3    2.094
       168    902.000    493.533       425.73     6.68   3    2.014
       169    297.502    483.138     -538.972     8.03   3    1.241
       170    302.187    487.779      -239.28     8.03   3    1.983
       171    296.971    493.366      1000.93     8.37   3    1.316
       172    291.630    487.775      144.435     7.20   3    1.346
       173   1150.679    474.679      549.331     5.40   3    1.238
       174   1148.547    472.531     -136.763     6.94   2    1.949
       175   1104.167    468.493      536.048     9.61   0    1.041
       176     58.254    469.381      1081.16     5.23   3    1.169
       177     55.235    465.650       2136.2    10.17   2    1.626
       178    332.779    459.208       409.97     5.51   3    1.729
       179    334.626    456.779      735.647     6.17   3    1.281
       180   1130.887    457.216     -202.277     6.82   0    1.465
       181    733.000    448.952      388.323     6.74   3    2.264
       182    730.000    448.977      534.872     6.73   3    2.228
       183    108.515    451.117      131.415     4.64   0    2.445
       184    710.190    437.224      179.386     5.42   0    1.746
       185    778.014    430.752      274.925     7.10   0    2.414
       186     97.488    430.899     -43.0644     4.73   0    2.543
       187    445.663    429.705      717.571     5.17   3    1.178
       188    445.507    425.983      559.998     5.75   3    1.196
       189    544.659    418.808      376.181     8.82   0    1.562
       190    315.755    413.637      2148.19    11.62   0    1.035
       191   1157.976    403.623       133.77     5.37   0    1.718
       192    944.151    386.180      322.058     7.90   3    2.502
       193    940.009    386.269      117.852     7.26   3    1.676
       194    958.297    381.305      116.666    13.73   3    1.215
       195    966.015    384.703     -255.277     5.95   3    1.758
       196    964.462    377.787      301.248     8.11   3    2.088
       197    478.921    371.763      248.365     7.38   0    1.036
       198    216.003    367.011      193.424     6.25   3    2.024
       199    218.991    365.254      627.211     5.44   3    1.149
       200    203.177    361.618      206.998     6.52   3    1.432
       201    203.237    358.369      276.611     6.28   3    1.296
       202    628.684    359.872     -25.8242     8.87   2    1.322
       203    632.136    357.142      312.025     4.99   3    1.278
       204    640.186    352.077      94.2338     9.37   0    1.360
       205    504.869    350.542      207.116     5.79   3    1.679
       206    508.538    348.102      335.093     9.12   2    1.661
       207    882.476    342.144      519.183     4.72   0    2.537
       208    468.242    332.193      616.375     6.60   0    1.327
       209    785.958    321.243      287.818     6.63   3    3.569
       210    786.126    316.186      480.565     6.89   3    2.019
       211     12.998    311.526      147.549     6.82   3    1.221
       212     13.020    308.000      246.891     5.88   3    1.633
       213   1027.434    291.465     -1412.46     6.92   3    1.105
       214   1032.297    290.286      -506.53     7.76   3    2.051
       215   1026.132    300.351      -184.47    12.45   3    1.991
       216   1032.539    301.547     -151.677     5.79   3    1.616
       217   1036.481    296.722     -2590.94     8.84   3    1.422
       218    448.119    294.698        243.5     5.45   0    1.737
       219    657.155    292.022        712.9     7.93   0    1.418
       220     39.395    287.453      847.798     7.98   0    2.017
       221    358.157    286.978      579.105     6.95   3    1.805
       222    355.654    284.628      687.222     6.96   3    1.399
       223    681.113    282.982      1190.27     7.64   0    1.022
       224    470.512    267.659      1191.54    13.28   3    1.209
       225    463.876    269.571     -879.531    10.49   3    1.714
       226    243.282    263.496      1057.33     6.35   0    1.477
       227    441.940    262.225      123.202     7.51   0    2.006
       228    940.135    231.716      1592.34     7.38   0    1.186
       229   1019.127    224.135      71.0048     4.42   3    1.391
       230   1022.476    221.464     -145.409     5.62   3    1.018
       231   1018.855    218.847      -178.84     7.39   3    1.813
       232    710.752    221.997     -30.5576     9.46   2    2.687
       233    707.245    222.009      648.653     8.95   3    2.654
       234    984.525    209.898      680.855     6.61   0    1.278
       235    603.334    197.234      961.008     8.14   3    1.857
       236    610.581    195.334      2057.31    11.98   3    1.168
       237    928.718    196.266      406.306     6.23   0    1.729
       238    432.696    181.351      263.523     7.54   3    1.196
       239    434.492    176.283      764.527     6.54   3    1.314
       240    443.970    177.279      250.331     5.46   0    1.709
       241    693.711    168.695     -788.396     6.36   3    1.257
       242    696.000    165.950      191.812     5.31   3    1.853
       243    694.018    162.939      238.272     8.26   3    2.284
       244    441.081    166.207     -436.011     7.68   3    2.999
       245    445.830    164.569       81.965     5.85   3    1.608
       246    438.000    160.525     -989.762     7.63   3    2.350
       247    447.348    158.474      380.804    10.67   3    1.909
       248      1.891    164.465      437.428     6.95  24    2.500
       249    640.000   1148.959      321.834     5.76   3    1.720
       250    634.705   1151.035     -1121.42    11.15   3    1.118
       251    688.120   1135.965      662.179     7.55   0    1.039
       252     96.862   1119.945      968.659     8.29   0    1.447
       253    846.490   1080.402     -565.554     9.90   3    1.359
       254    851.339   1093.926      497.586     5.09   3    1.329
       255    850.037   1086.683     -1617.58     6.24   3    1.705
       256    843.221   1089.926     -1025.54    15.54   3    1.867
       257    825.712   1075.036      550.062     6.65   0    1.305
       258   1132.322   1093.664      1012.67     5.67   3    1.041
       259    885.472   1068.400      -7073.4    22.89   3    3.107
       260   1133.107   1088.445     -110.163    10.75   2    1.308
       261    893.264   1058.104     -751.307    15.00   3    2.410
       262    182.336    922.706      228.021     5.43   3    1.254
       263   1000.472    921.508      563.543     5.60   3    1.036
       264    293.638   1025.393      159.055    11.25   3    1.517
       265   1104.101   1047.530      304.601     4.77   0    2.592
       266    185.706    922.683       741.76     5.24   3    1.122
       267     43.858    947.825      1032.44     8.19   2    2.367
       268    374.502   1038.839      755.233     5.62   0    1.081
       269   1003.240    920.252      1059.36     6.51   3    2.366
       270    286.022   1029.999     -309.068     4.89   3    1.894
       271    111.863    935.569      109.541     5.36   3    1.394
       272    283.454   1025.501      167.283     4.85   3    3.305
       273    140.676   1022.607     -1567.91    11.00   3    1.530
       274    286.012   1021.964     -892.498     6.00   3    1.686
       275    234.660    936.060      659.438     8.84   0    1.519
       276     88.002    937.018      2093.21     7.80   0    1.009
       277    116.857    935.073      632.404    10.00   3    1.826
       278    289.845   1031.646      224.815     5.32   3    1.801
       279    112.002    930.014      69.6906     6.06   3    1.162
       280    135.333   1023.700      18.1263     6.82   3    1.777
       281   1017.002   1010.445      320.653     4.99   0    1.360
       282    286.736   1003.998     -759.017     7.79   3    1.382
       283    291.350   1008.838     -98.0477     9.25   3    1.291
       284    286.298   1009.702      173.156     5.27   3    1.016
       285    620.413   1002.632      1006.32     7.75   0    1.837
       286    231.757    964.277      594.139     5.56   0    1.738
       287    740.139    959.210      388.976     5.95   0    1.697
       288   1085.455    948.817     -2033.03    17.19   3    1.159
       289   1079.509    956.000      391.953     6.72   3    2.237
       290   1074.467    950.698     -1665.67    15.53   3    1.281
