#   1 NUMBER          Running object number
#   2 X_IMAGE         Object position along x                         [pixel]
#   3 Y_IMAGE         Object position along y                         [pixel]
#   4 FLUX_AUTO       Flux within a Kron-like elliptical aperture     [count]
#   5 FWHM_IMAGE      FWHM assuming a gaussian core                   [pixel]
#   6 FLAGS           Extraction flags
#   7 ELONGATION      A_IMAGE/B_IMAGE
         1   2.81e+02       8.67    3.797e+03     1.09   0      1.0
         2   1.47e+02       38.2    2.816e+04     1.09   0      1.0
         3   2.35e+02       52.3    9.474e+04     1.09   0      1.0
         4   1.74e+02       82.5    1.957e+04     1.09   0      1.0
         5       55.6       0.52    6.029e+04     1.09   0      1.0
         6       60.2       13.3    3.027e+03     1.09   0      1.0
         7       4.01   1.18e+02    7.139e+03     1.09   0      1.0
         8       96.4   1.24e+02    3.069e+03     1.09   0      1.0
         9   1.11e+02   1.56e+02    4.176e+03     1.09   0      1.0
        10   4.34e+02   1.81e+02    4.727e+03     1.09   0      1.0
        11   3.99e+02   2.48e+02    1.355e+04     1.09   0      1.0
        12   4.27e+02   2.52e+02    9.016e+03     1.09   0      1.0
        13   3.48e+02       74.2    5.464e+03     1.09   0      1.0
        14   3.47e+02       84.9    3.044e+04     1.09   0      1.0
        15   2.54e+02       90.8    3.866e+03     1.09   0      1.0
        16   3.35e+02   1.34e+02    4.471e+04     1.09   0      1.0
        17   1.73e+02   2.74e+02    6.428e+03     1.09   0      1.0
        18    3.5e+02   2.08e+02    3.111e+03     1.09   0      1.0
        19   2.18e+02   2.57e+02    1.839e+04     1.09   0      1.0
        20   2.54e+02   3.79e+02    3.272e+03     1.09   0      1.0
        21   1.65e+02   3.77e+02    6.173e+03     1.09   0      1.0
        22   4.27e+02    3.8e+02    5.851e+03     1.09   0      1.0
        23   1.49e+02   4.67e+02    1.222e+04     1.09   0      1.0
        24   1.42e+02    4.5e+02    7.373e+04     1.09   0      1.0
        25   1.75e+02   4.82e+02    9.517e+03     1.09   0      1.0
        26   2.25e+02   5.04e+02    1.012e+04     1.09   0      1.0
        27       35.8   2.24e+02    8.215e+03     1.09   0      1.0
        28       31.0   2.17e+02    5.869e+03     1.09   0      1.0
        29       28.8   3.07e+02    6.815e+03     1.09   0      1.0
        30       92.7    3.5e+02    4.662e+03     1.09   0      1.0
        31       82.2   4.36e+02    6.844e+03     1.09   0      1.0
        32   1.15e+02   4.26e+02     3.87e+03     1.09   0      1.0
        33       41.8   5.03e+02    3.247e+03     1.09   0      1.0
