#   1 NUMBER          Running object number
#   2 X_IMAGE         Object position along x                         [pixel]
#   3 Y_IMAGE         Object position along y                         [pixel]
#   4 FLUX_AUTO       Flux within a Kron-like elliptical aperture     [count]
#   5 FWHM_IMAGE      FWHM assuming a gaussian core                   [pixel]
#   6 FLAGS           Extraction flags
#   7 ELONGATION      A_IMAGE/B_IMAGE
         1    520.158     12.693      976.324     5.65   0    1.869
         2    635.476      8.532      298.667     5.95   3    1.343
         3    639.006      6.970     -37.6517     7.57  19    1.762
         4    636.692      2.715      424.446     6.20  19    2.266
         5    561.515      6.396      602.738     7.52  19    1.358
         6    565.796      5.209      599.084     9.82  19    3.620
         7    573.092      2.477      1016.05     5.75  27    1.784
         8    569.488      4.492      651.628     6.07  19    6.024
         9    568.341      1.298      363.742     0.97  27    1.233
        10    427.510      6.650      518.697     8.20  19    1.463
        11    431.170      3.203      285.198     8.37  19    1.993
        12     59.850      6.825     -183.677     8.52  19    1.949
        13     63.766      6.270     -560.356     6.50  19    1.746
        14    489.437      3.597      1830.13     9.15  26    1.565
        15    390.990      3.342      445.686     6.69  27    1.332
        16    387.035      1.773      233.108     5.14  27    1.395
        17    904.774     26.756      290.791     9.08   0    1.901
        18    694.911     26.574      171.596     8.94   0    1.158
        19    890.733     26.223      166.478     9.61   0    1.135
        20   1146.489     31.690      319.987    11.96   3    2.011
        21   1150.624     42.768     -2299.17    18.87  19    1.736
        22     15.404     34.591      615.231     7.60   0    1.734
        23   1152.995     33.730     -1670.84     7.10   3    1.499
        24   1044.282     34.905      344.712     8.18   0    1.426
        25    626.403     36.011       621.88     8.48   0    1.167
        26   1163.541     31.774      872.114     5.94  16    1.031
        27    180.205     39.261     -369.413    10.10   3    1.253
        28    174.288     39.839      1375.39     8.03   3    1.805
        29    566.224     35.204       820.02     6.30   0    1.294
        30   1108.440     37.302      569.301     4.61   0    1.758
        31    660.754     49.942     -361.691    10.25   2    1.376
        32    177.507     44.424     -497.446     5.31   3    1.317
        33    656.096     50.997     -185.645     6.47   3    1.698
        34    741.472     75.735     -4405.46    18.80   3    1.345
        35    183.868     51.614      486.904     8.07   0    1.500
        36    354.668     65.897     -3594.05    15.53   3    1.325
        37   1162.441     59.508      734.951     7.81  16    2.000
        38    178.261     61.269      199.102     8.22   0    1.549
        39    348.157     70.831     -196.134    11.63   3    1.855
        40    475.463     63.501      675.206     8.71   2    2.296
        41    732.716     68.826     -2.59775     7.88   3    2.327
        42    738.231     62.725      796.138    10.18   3    1.664
        43    472.498     60.556      324.173     6.50   3    1.478
        44    363.852     59.911      197.383     5.97   0    2.169
        45    744.838     64.634     -798.486     6.10   3    1.318
        46    431.824     72.111      742.064    10.78   2    1.511
        47    396.936     69.006      492.602     6.91   3    1.525
        48    808.737     66.351      710.976     6.38   0    1.531
        49    964.172     74.035      487.646    10.40   0    1.337
        50    912.667     69.172      86.3877     6.72   0    1.492
        51    399.738     65.999      564.721     5.51   3    1.418
        52    747.999     69.292     -262.177     5.66   3    1.303
        53    428.646     68.711      576.141     5.87   3    1.429
        54    400.341     69.682      311.005     4.95   3    1.923
        55    321.653     64.504      442.725     4.59   0    2.391
        56    377.894     76.813      1001.69     6.82   0    1.252
        57    622.703     84.738      270.195     8.89   0    1.047
        58   1024.400     96.323     -1563.46    17.25   0    2.113
        59    730.907     80.999      520.706     5.49   0    1.708
        60   1167.303     90.286      1290.75     6.39  26    2.706
        61    481.917     88.661     -15.3687     7.61   3    1.630
        62    486.963     88.220     -115.705     6.29   3    1.817
        63    976.609     95.190     -202.885     8.18   3    1.927
        64    392.832     94.599     -358.923     7.18   3    1.915
        65    973.283     89.951       10.722     5.95   3    1.338
        66    389.755     90.634     -539.646     8.56   3    1.859
        67   1114.850    114.985     -406.538    18.91   2    1.499
        68    390.114     99.272      -762.68    11.23   3    1.805
        69    973.290     95.666      476.096     5.66   3    1.263
        70   1123.265    118.473     -2969.17    13.26   3    1.825
        71    315.000    107.814      1068.28     7.32   0    1.137
        72    485.833    122.805      849.501    13.81   3    1.575
        73    493.649    117.509      53.4603    10.80   3    1.107
        74    921.497    112.469      992.005     6.03   0    1.055
        75    492.351    131.092     -546.909     8.52   3    1.858
        76    498.008    125.132     -351.643    10.13   3    1.711
        77    433.231    129.522      261.264     7.46   3    1.802
        78    436.122    126.847      286.089     6.18   3    1.385
        79    198.810    132.358     -237.674     9.03   3    2.137
        80    154.565    137.638      1485.82     9.55   0    1.563
        81    424.485    131.472      433.672     5.51   3    1.058
        82    202.123    135.163      465.545     7.49   3    1.170
        83    424.491    135.010     -103.345     6.23   3    1.038
        84    106.776    147.557      387.595     8.52   0    1.662
        85    949.800    156.050      280.037     8.29   3    1.833
        86    838.647    990.293      762.395     5.45   3    1.708
        87   1093.795   1161.651        597.3     6.49  19    1.233
        88   1090.285   1162.338      946.327     5.46  19    1.275
        89    938.582   1158.067      -782.61    10.91  19    1.143
        90    935.733   1163.417      1315.46     6.85  27    1.690
        91    932.708   1160.656      415.078     5.62  19    1.762
        92    720.299   1162.508      1414.98     9.44  24    2.275
        93    571.502   1160.000      1938.93     9.09  19    1.145
        94    564.502   1160.000      2118.49    10.17  19    1.227
        95    463.504   1153.482     -38.1127     7.63  19    2.526
        96    462.517   1161.043      1570.92    11.50  19    1.767
        97    458.263   1162.422      596.022     6.80  19    1.634
        98    203.224   1162.156     -8.25857     7.73  19    1.446
        99    199.008   1160.244     -47.2222     3.44  19    1.457
       100    202.610   1156.690     -124.649     5.88  19    1.195
       101    616.000   1150.461      3284.05    19.07  16    3.490
       102    682.160   1158.491      473.613    15.28  19    2.095
       103    688.375   1157.360      -423.97     8.01  19    1.202
       104    690.549   1152.960      532.109     8.20   3    1.396
       105    685.088   1148.213      2.32097    10.23   3    1.929
       106   1103.005   1148.006     -665.031    10.79  18    2.729
       107    652.330   1147.559      961.197     7.01   0    1.416
       108    417.292   1140.331      -6343.5    18.82   3    1.035
       109    411.204   1133.222     -1812.77    12.50   3    2.369
       110    430.150   1132.793     -1529.97     8.94   3    1.983
       111    420.539   1125.613     -5068.91    15.40   3    1.787
       112    563.820   1135.148      225.699     7.69   3    1.980
       113    568.013   1133.000      220.635     5.47   3    2.557
       114   1024.974   1126.563        37.16     6.67   3    1.194
       115    505.999   1121.000     -828.096    10.31   3    2.327
       116    502.667   1128.557      394.547     9.78   3    1.530
       117    500.014   1121.551     -498.816     7.14   3    1.434
       118   1058.400   1128.662      896.738     5.96   0    1.024
       119    128.220   1122.660      913.555     6.16   3    1.185
       120    130.958   1118.546       378.79     6.17   3    1.243
       121    131.656   1125.286      72.7525     5.33   3    1.386
       122    134.396   1121.762      381.228     6.57   3    1.209
       123    613.466   1123.089      83.4271    11.86   2    1.638
       124    618.448   1121.869      342.941     5.32   3    1.143
       125    462.348   1110.555      67.7491     7.69   0    2.002
       126    335.058   1103.964     -1157.27     9.75   0    1.283
       127    808.980    949.402      625.365     9.39   0    1.064
       128    357.011    945.037      461.134     4.59   3    1.133
       129    357.380    940.037      233.825    10.47   2    1.064
       130    553.996    943.762     -31.4163     8.01   2    1.514
       131    557.849    942.813     -233.999     7.11   3    2.413
       132   1144.519    936.409     -99.8113     6.35   3    1.131
       133   1151.730    942.828     -2991.27    16.05  19    1.784
       134   1162.766    928.597      6107.43    25.41  19    2.250
       135   1154.085    919.468     -4327.82    27.65  19    3.571
       136    943.618    938.886      18.3896     6.19   0    1.922
       137    363.147    932.615      153.355     5.28   0    1.767
       138    781.440   1050.572      17528.8    55.98   3    2.371
       139   1040.228    930.054     -151.163     9.01   2    1.634
       140   1043.950    927.038     -198.331     5.62   3    1.031
       141    885.856    929.521      1240.02     8.93   0    1.521
       142    724.746    913.305       2373.4    17.44   3    1.342
       143    717.170    923.810      1720.57    19.83   3    1.262
       144    725.492    928.139      607.487    10.18   3    1.876
       145    730.973    922.277      845.321     8.61   3    1.438
       146   1090.003    919.129     -221.737    10.98   3    1.538
       147   1087.291    924.390      412.775     6.53   3    1.314
       148   1083.742    920.864      315.546     7.82   3    1.637
       149    227.820    919.164      467.847    11.41   2    2.953
       150    231.506    916.932      410.751     8.36   3    2.203
       151    797.854   1034.449      11141.7    57.56   3    2.558
       152    153.116    908.956      1664.77     7.82   0    1.026
       153    777.221    905.016      401.817     9.86   0    1.190
       154    872.805    898.022      839.643     9.25   0    1.333
       155    385.071    898.991       503.14     6.93   0    1.065
       156    725.990    892.236      1653.63     8.45   2    1.789
       157    721.870    890.674      818.306     6.14   3    1.546
       158    479.354    886.611     -212.314     6.28   3    1.403
       159    483.475    882.673      309.849     6.37   3    1.655
       160    485.005    893.000      197.786     9.65   3    2.081
       161    489.235    889.763      322.029    11.17   3    1.658
       162    351.402    883.076      955.865     6.54   0    1.648
       163    817.683    881.501      86.6555     7.63   0    2.288
       164    252.072    872.296       679.41     8.38   0    1.203
       165    753.418    866.712      913.149    12.76   3    1.822
       166    748.002    872.979      567.639     6.62   3    1.468
       167    747.771    867.706     -15.0805     6.86   3    1.556
       168    215.311    867.971     -214.122     5.58   3    2.165
       169    210.221    871.310      2.66111     9.50   3    1.801
       170    207.998    864.008     -438.257     5.84   3    1.366
       171    213.681    863.703     -567.139     4.79   3    1.513
       172    202.137    871.154      300.136     5.51   1    1.548
       173   1123.786    866.612      1203.59     7.02   0    2.934
       174    692.660    863.303     -2284.62    28.99   3    2.058
       175    703.840    844.347      876.928    47.69   2    1.955
       176    646.160    857.396      1386.27     8.55   0    1.603
       177    343.252    856.555      583.751     6.25   0    1.262
       178    832.351    849.152     -1877.37    16.26   3    1.182
       179    839.000    844.944      5.15814     7.38   3    2.548
       180    835.638    841.282      75.1134     6.52   3    1.337
       181    938.602    846.083      144.088     4.99   0    2.417
       182    338.586    834.674      705.831     6.21   3    1.250
       183    334.567    834.495      345.188     5.27   3    1.208
       184    235.698    827.523     -46.6064     8.03   0    1.744
       185   1020.756    825.691      717.182     5.39   0    2.178
       186   1116.210    813.093     -128.818     8.16   0    1.095
       187    492.980    798.701     -748.859     6.91   3    1.596
       188    495.680    807.807     -498.644    13.25   3    1.221
       189    502.839    803.342      423.851     7.78   3    1.591
       190    500.585    798.178     -159.246     6.48   3    1.524
       191    716.042    806.000      16.7633     9.13   2    3.100
       192    718.994    804.000      572.605     5.84   3    1.715
       193    307.665    803.010      341.603     9.86   3    2.382
       194    311.644    797.566      305.856     8.85   3    1.738
       195    783.982    801.842      545.819     8.35   2    1.564
       196    781.506    797.004      223.335     4.90   3    2.382
       197    517.289    790.587      469.718     7.62   0    2.022
       198    853.557    790.119      684.989     6.73   0    1.265
       199    880.405    782.609     -2836.54    18.25   3    1.365
       200    890.794    774.530     -373.734     7.44   3    2.015
       201    885.884    772.773       339.46     8.42   3    1.645
       202    891.442    786.622     -623.674     7.29   3    1.639
       203    893.684    780.533     -705.751     8.11   3    1.445
       204    326.747    784.418      541.452     7.08   0    1.022
       205    865.996    779.644        425.4     9.39   0    1.059
       206    381.462    774.945      616.029     5.54   3    2.050
       207    384.266    772.636      492.362     6.94   3    1.117
       208    219.983    769.214      1424.27     7.72   0    1.012
       209   1002.368    767.813      697.773     8.33   3    1.705
       210    998.615    764.774     -401.475     8.22   3    1.801
       211    966.773    764.445     -59.3177     7.95   3    2.412
       212    971.384    768.149      708.909     6.75   3    2.982
       213    973.520    762.219      1881.81    14.28   3    1.408
       214   1111.404    765.319      589.778     6.42   0    1.290
       215    558.599    765.410      266.576     6.30   3    2.048
       216    561.149    762.663      579.758     6.28   3    1.353
       217    737.244    763.137      832.601     8.32   0    2.061
       218   1134.983    748.846      793.295     6.77   0    1.798
       219    808.116    741.895      113.584    10.02   3    1.941
       220    804.620    743.808     -963.161     6.88   3    1.117
       221    218.126    725.193      225.903     6.42   0    2.010
       222    151.645    721.723      357.919     5.62   3    1.127
       223    148.997    718.326      656.292     8.28   3    1.548
       224    154.133    718.348      540.908     4.84   3    1.093
       225   1024.645    712.832       764.11     5.50   0    1.867
       226     56.292    708.639     -947.864    18.04   3    1.331
       227     48.355    705.013     -341.375     7.27   3    1.476
       228     52.469    698.672      154.853    11.63   3    1.480
       229     38.894    708.644     -936.599     5.86   3    1.807
       230     40.044    701.336     -2217.15    10.44   3    1.303
       231     33.651    697.030     -272.029     4.91   3    1.074
       232     33.823    711.035     -1053.31     6.48   3    1.084
       233     27.959    702.814     -1507.83    16.55   3    1.384
       234    562.472    703.234      1065.61     8.33   0    1.508
       235   1041.942    702.193       1224.7     7.26   0    1.275
       236    779.690    695.247      1812.23    11.28   0    1.137
       237    281.112    686.534     -2.07668    10.76   3    3.969
       238    283.663    695.655      348.225     8.90   3    1.731
       239    285.779    688.533      -563.34     8.37   3    1.861
       240    576.143    691.808      1308.47     9.36   3    2.371
       241    582.446    691.495      219.643     6.20   3    1.518
       242    579.407    688.268      512.594     6.90   3    1.039
       243    982.109    690.544      977.722     8.51   0    1.350
       244   1061.318    689.534      724.345     7.69   0    2.204
       245    844.075    687.326     -106.868     7.64   3    1.428
       246    839.320    684.696      410.515     5.59   3    1.572
       247    846.635    681.018      118.584     8.49   3    1.802
       248    839.340    679.586      317.489     8.28   3    1.727
       249    730.935    673.130      790.099    13.37   3    1.046
       250    726.743    681.394      127.592     7.66   3    1.270
       251    722.098    675.284      775.848     9.34   3    1.958
       252    459.926    675.328     -303.356    10.18   0    1.152
       253    136.517    673.988      122.099     6.01   3    1.122
       254    132.879    670.835      501.802     6.21   3    1.460
       255    136.685    670.310      306.931     5.16   3    1.315
       256    413.804    665.536      -225.98     4.57   3    1.437
       257    415.835    659.769       386.21    11.08   3    1.857
       258    408.964    661.158     -243.411     7.39   3    1.052
       259    113.577    665.518      667.887     6.56   0    1.132
       260     85.255    662.619     -246.039     5.79   3    1.335
       261     82.946    660.055       277.29     7.75   2    2.016
       262   1137.880    660.504      943.648     5.59   0    1.090
       263    318.247    645.878     -618.722     7.91   3    1.381
       264    321.212    639.998     -105.885     6.82   3    1.226
       265    323.526    650.314      46.7351     6.16   3    1.212
       266    327.674    644.828     -281.924     7.83   3    1.198
       267   1121.065    642.730     -2473.35    10.64   3    1.331
       268   1127.143    648.319     -1622.13    13.71   3    1.454
       269   1132.812    641.002     -485.119    11.79   3    1.315
       270   1127.095    635.750     -649.411     9.58   3    1.239
       271    722.237    638.198      93.3373     7.80   0    1.442
       272    103.495    639.993     -325.756     8.34   3    1.504
       273     98.552    636.776      491.643     6.58   3    1.465
       274    103.307    633.991      68.2131     9.03   3    1.258
       275   1093.939    631.495     -109.496     6.32   3    1.314
       276   1098.525    625.941      477.865     8.54   3    1.538
       277   1103.711    633.401      415.831    10.75   3    1.802
       278   1096.534    636.229     -203.145     7.33   3    1.833
       279   1069.901    634.487      800.093     6.64   0    1.253
       280    862.007    629.529      420.562     4.77   0    2.593
       281    728.645    618.587      438.365     6.29   0    1.236
       282      8.105    613.725     -228.749     8.66  16    1.053
       283    221.543    612.714     -1661.29    13.04   2    1.970
       284    227.068    609.490     -239.192     8.62   3    1.680
       285   1048.000    610.037      398.872     7.48   3    2.399
       286   1045.766    606.644      699.285     6.62   3    1.220
       287    210.387    610.472      -162.79     6.97   0    1.928
       288   1064.753    602.002      411.856     5.81   0    1.983
       289    570.222    581.355      2089.31    10.23   3    7.540
       290    597.921    581.311      2138.03     9.91   3    6.228
       291    582.912    593.432      2085.64    13.02   3   10.911
       292    586.516    585.607      358.852     6.13   3    1.271
       293    584.815    579.963     -1120.24    15.76   3    3.602
       294    583.000    568.420      2735.54    11.00   3    6.756
       295    162.841    601.168      476.145     5.39   0    1.901
       296    626.242    596.703      593.135     6.57   0    1.332
       297   1162.759    586.770      103.288     7.07  19    2.628
       298   1163.231    583.611      215.539     7.79  19    1.743
       299    974.007    572.286     -1836.34    14.37   3    1.655
       300    978.358    579.836      985.757     8.85   3    2.026
       301    982.172    575.767      552.913    10.61   3    2.159
       302      6.458    579.314      603.023     7.05  16    1.251
       303    262.991    570.598      673.887    10.05   3    1.892
       304    268.260    564.779     -112.438     6.27   3    1.657
       305    264.665    561.614       377.98    11.13   3    2.569
       306    192.667    554.102      533.435     6.26   0    1.843
       307    738.220    531.284     -107.396     6.10   0    1.776
       308      3.414    524.925      1391.76     9.11  24    1.560
       309    393.086    559.816      4536.35    12.26   0    1.229
       310   1069.465    523.660      466.948     5.94   0    1.895
       311    524.359    521.234      18.8585     6.41   3    1.742
       312    520.592    519.260      781.566    10.41   3    1.807
       313   1126.478    507.990     -3639.24    14.98   3    2.046
       314   1133.568    518.366     -1067.75    22.90   3    1.094
       315   1122.482    515.774     -1083.34     8.93   3    2.188
       316    568.607    504.388      141.344     7.08   0    1.637
       317   1164.670    502.084      322.638     7.50  27    2.505
       318   1166.162    497.232      1259.29     6.34  27    1.289
       319    135.544    496.598      521.765     7.72   0    1.991
       320    369.737    492.739      514.613     5.73   0    1.077
       321    473.374    487.938      865.274     6.97   0    1.176
       322    668.739    486.616      423.468     4.78   0    1.685
       323    172.372    486.676      601.666     4.74   0    1.758
       324    378.058    485.653      281.394     6.56   0    1.295
       325    247.991    483.507     -623.755     8.55   0    1.084
       326    457.537    468.493     -3888.67    33.99   3    1.328
       327    433.869    455.736      546.223    34.83   3    1.295
       328    306.804    473.459      228.278     5.38   0    1.043
       329    260.043    471.543      893.679     6.91   3    1.117
       330    258.668    466.307     -49.9978     6.33   3    1.993
       331    335.081    467.348      1372.34     6.55   0    1.244
       332   1071.221    466.184      191.172     5.49   0    1.751
       333    499.738    462.081      335.962    15.46   3    1.981
       334    492.967    457.892      750.035     8.69   3    1.366
       335    495.307    453.317     -510.512     9.19   3    1.682
       336    335.953    456.534      315.412     5.63   3    1.111
       337    339.558    453.974       441.43     8.52   2    1.596
       338    362.255    453.806      550.798     7.97   3    1.934
       339    358.315    454.526      214.514     7.44   3    1.721
       340   1111.890    453.087      647.699    11.10   0    1.206
       341    650.969    442.369      119.956     9.00   0    1.300
       342     86.795    442.469      1183.03     7.58   2    2.032
       343     83.609    442.806     -195.795     5.89   3    1.520
       344     58.240    439.643       387.05     7.38   3    2.037
       345     55.000    439.962        2.956     6.57   3    2.466
       346   1014.481    432.184      9.36481     5.76   3    1.248
       347   1017.635    428.786      201.961     6.39   3    1.432
       348   1014.303    426.049      686.958     5.26   3    1.501
       349    464.024    427.055     -178.498     6.79   3    1.547
       350    466.288    420.656     -362.744    10.52   3    1.936
       351    459.972    421.545     -321.523    10.73   3    1.362
       352    401.056    423.846      359.293    12.06   0    1.274
       353    391.998    425.457      1045.34     5.28   0    1.419
       354    516.724    420.482      469.849     6.39   1    1.839
       355    503.573    420.029      508.562     7.13   0    1.742
       356    686.853    417.328     -71.9257     7.79   3    1.040
       357    689.686    414.335      866.262     5.65   3    1.472
       358    686.343    412.303      649.424     5.83   3    1.228
       359    239.186    415.047      630.338    10.97   0    1.246
       360    791.737    415.759      733.025     5.85   0    1.484
       361    510.836    407.188     -234.954    11.40   3    2.111
       362    512.035    414.000      159.271     5.36   3    1.522
       363    515.395    411.259      581.327     7.44   3    1.525
       364     83.001    405.276      142.204     5.89   3    1.646
       365     83.746    400.696     -433.339     9.44   3    1.039
       366      2.627    404.108      542.384     6.25  24    2.029
       367    145.810    396.985     -1888.19    12.36   3    1.775
       368    153.737    396.015     -128.474    10.88   3    2.200
       369    149.995    391.549      320.959     8.43   3    1.418
       370    466.374    391.603      18.5842     6.78   0    1.760
       371    431.379    379.172     -1127.37    10.16   3    2.360
       372    428.441    389.000     -1054.21     9.19   3    2.094
       373    433.582    384.335     -550.129     7.94   3    1.964
       374    421.775    382.990     -616.052    11.50   3    1.577
       375    426.228    376.637     -433.886     7.56   3    1.799
       376    710.155    385.632      313.024     7.11   3    1.061
       377    708.470    380.485      435.053     7.42   3    1.604
       378    800.269    379.644      876.607     6.39   3    1.292
       379    796.737    376.471      142.542     7.42   3    2.118
       380    803.000    375.513      737.217     6.40   3    2.112
       381    800.502    371.507      295.371     8.15   3    1.184
       382    873.394    368.288       599.26    11.84   3    1.654
       383    877.990    375.995     -223.825     6.73   3    2.284
       384    872.739    376.023       420.66     6.04   3    1.463
       385    635.848    360.817     -1230.63    10.70   3    2.024
       386    638.696    366.688      817.132     5.85   3    1.085
       387    641.448    363.502      552.709     6.36   3    1.448
       388   1161.211    363.240      253.768     5.89   3    1.730
       389   1157.301    361.044      417.638     8.94   2    1.889
       390    152.195    358.651      28.6762     5.72   3    1.118
       391    149.172    361.345      5.06084     5.28   3    1.298
       392    146.329    356.710     -271.732    10.73   3    1.164
       393    460.987    359.478      687.387     4.79   0    2.606
       394    725.630    342.478       315.23     5.69   0    1.032
       395    186.951    328.441      1170.28    13.57   3    1.071
       396    188.387    341.005      951.803    17.10   3    1.533
       397    180.960    334.993     -150.359     8.06   3    1.266
       398    194.736    334.143     -366.696     8.30   3    1.294
       399    945.646    337.012       285.96     8.94   3    1.878
       400    952.005    340.000      246.885     6.58   3    1.505
       401    951.516    334.013      251.984     6.98   3    1.244
       402    442.497    338.887      987.815     6.74   1    1.254
       403    769.747    338.215      1580.41     7.34   0    1.106
       404    437.189    333.351     -2061.67    13.13   3    1.637
       405    428.749    330.989      159.559    15.29   3    1.358
       406    699.739    329.006      292.421     4.70   3    1.259
       407    703.987    330.743      764.868     5.89   3    1.590
       408    703.391    327.007      414.391     6.88   3    1.122
       409     56.008    320.020     -936.965     5.58   3    1.687
       410     54.794    324.631      230.989     7.44   3    1.935
       411     59.574    328.163      276.238     8.41   3    2.395
       412     62.010    320.019     -128.359     8.52   3    1.719
       413    961.544    310.520     -719.006     7.86   3    1.816
       414    955.787    306.698     -489.581     8.65   3    2.452
       415    961.985    304.371      -1116.5    13.13   3    1.415
       416    931.944    302.660     -720.135    16.77   3    1.943
       417    937.344    296.774     -291.756     9.81   3    2.599
       418    937.554    307.000      569.783     6.33   3    2.238
       419    941.668    304.718     -161.433     6.58   3    1.164
       420    146.490    276.025     -16276.3    34.03   3    1.687
       421    142.047    296.796     -4976.35    23.23   3    1.650
       422    131.412    285.390     -5113.15    23.09   3    1.116
       423    276.363    296.746     -1080.38    16.12   3    2.406
       424    269.032    290.912      192.189     9.95   3    1.346
       425    272.928    286.000     -293.687     9.13   3    2.302
       426    831.366    295.163     -1198.37    10.25   3    1.290
       427    839.291    297.821     -1047.82     9.09   3    1.524
       428    834.913    290.363      -1024.9     9.62   3    2.091
       429    299.518    284.045     -844.338    12.13   0    1.057
       430     99.703    277.505       987.31    10.85   0    1.104
       431   1146.367    270.873      351.161     5.20   0    2.308
       432    148.500    267.922      642.695     4.70   1    2.506
       433    202.695    263.067      251.743     5.47   0    1.686
       434    125.441    257.131      677.345     7.65   0    1.832
       435    854.663    257.704      411.472     5.40   3    1.172
       436    852.349    254.716      329.144     8.46   2    1.380
       437   1064.675    254.530     -1147.61     9.22   3    1.269
       438   1059.547    252.292      280.857     6.13   3    1.356
       439   1062.508    249.555       169.46     5.00   3    1.226
       440    478.503    247.874     -111.047    10.57   3    1.561
       441    470.937    251.902      679.289    10.55   3    1.931
       442    470.987    247.327     -777.352    10.86   3    2.404
       443    523.485    247.144      363.432     4.78   0    2.590
       444    454.710    245.937      672.582     7.34   3    1.369
       445    451.000    246.051      216.885     6.55   3    2.106
       446    838.155    244.282      194.359     5.42   0    1.805
       447    200.219    236.654     -412.413     7.81   3    1.582
       448    200.216    230.699     -346.385     7.59   3    1.444
       449     97.714    234.335      475.846     5.81   0    1.110
       450    748.833    224.486     -2213.02    12.70   3    1.824
       451    741.106    221.277     -1691.81    11.91   3    1.470
       452    737.554    213.549     -1429.21    12.29   3    1.719
       453    756.255    213.402     -1156.14    13.43   3    1.503
       454    745.768    204.704     -95.3147    21.22   3    2.178
       455     68.523    220.503       -571.3     6.67   3    1.729
       456     64.816    220.597     -350.241     6.90   3    1.485
       457    297.063    214.367      118.744    10.04   3    2.132
       458    300.683    214.334     -852.792     7.26   3    1.541
       459    318.517    212.390      420.392     4.52   0    2.329
       460     16.761    203.770      1661.35    10.62   2    1.687
       461     10.996    203.759      -139.87     4.55   3    1.120
       462     11.000    198.003      492.808     5.43   3    1.384
       463   1151.182    196.881      635.162    12.52   3    1.647
       464   1154.729    204.116     -231.257     6.57   3    1.646
       465   1158.003    197.943     -333.165     7.69   3    1.580
       466   1093.731    201.071      770.897     7.63   2    1.673
       467   1019.246    183.241      179.536     6.26   3    1.754
       468   1023.409    186.867     -982.035     8.92   3    1.217
       469   1019.304    188.694       510.37     4.94   3    1.059
       470    647.985    186.127     -53.2847     5.73   0    1.746
       471    102.143    179.548      129.523     6.97   3    1.256
       472     98.978    176.655      127.552     7.67   3    1.562
       473    177.999    169.599     -285.829    14.20   2    1.090
       474    178.234    163.638      102.715     5.05   3    1.509
       475    768.058    170.447      671.102     5.62   0    1.716
       476   1141.964    167.708      380.569     5.57   3    1.226
       477   1145.747    167.148     -221.109     7.95   3    1.855
       478    255.589   1155.465      384.127     7.59   0    1.067
       479    950.107    163.174       431.64     8.80   3    1.505
       480    944.781    158.840      812.092     7.85   3    1.961
       481     28.005    160.742      359.763     5.32   3    1.342
       482     25.194    159.201      373.969     7.36   3    2.005
       483   1108.233   1147.651      182.448     7.18   3    2.133
       484    778.267   1137.223      1171.17     6.10   3    1.222
       485    564.984   1129.002     -395.432     8.95   3    1.657
       486    774.997   1132.477      962.957    10.24   3    1.545
       487    426.808   1138.339     -2531.16     9.76   3    1.973
       488    780.537   1133.503      1442.49     7.69   3    1.154
       489    640.246   1111.138      318.956     6.97   3    1.442
       490    635.994   1105.956      47.7762     5.29   3    1.708
       491    749.288   1116.464      7866.42    22.89   2    1.289
       492    714.865   1114.588      10163.3    14.65   0    2.637
       493   1025.264   1132.747      163.136     5.09   3    1.324
       494   1028.368   1129.255       86.231     5.72   3    1.144
       495   1052.119   1100.319     -774.804    13.04   2    1.540
       496    295.369   1088.639      788.029     5.95   0    1.022
       497    635.591   1114.011      52.8686     7.52   3    1.705
       498    632.409   1109.048      547.693     7.29   3    1.738
       499    687.228   1086.408       1097.4     8.69   0    1.472
       500    685.878    971.759      1044.25     8.24   0    1.563
       501     65.700   1081.998      334.259     5.51   3    1.202
       502    639.512   1097.799      1068.88     7.05   2    1.156
       503     62.987   1086.996     -1143.15     7.46   3    1.638
       504    723.048   1093.714      5407.07    17.37   0    1.483
       505    742.699   1090.337      591.029     7.63   3    1.726
       506   1056.694   1104.851     -359.806     7.87   3    2.135
       507     68.398   1087.101      834.037    10.11   3    1.802
       508    742.497   1094.005       1135.8     6.93   3    2.000
       509    527.459   1082.232      829.335     6.51   2    1.346
       510   1050.045    974.435     -182.197     8.36   0    1.292
       511    399.820   1076.182      -235.28    11.77   0    1.375
       512    560.128   1075.767      1281.84    10.25   0    1.499
       513    953.041   1055.997     -287.203     4.95   3    1.535
       514   1089.706   1044.940      -3228.9    14.25   3    1.597
       515    892.276   1060.081       428.12    12.98   3    1.595
       516    198.341   1052.162     -1123.34     9.06   3    1.638
       517   1105.015   1050.343     -3284.78     8.98   3    1.056
       518   1106.747   1039.205     -8822.38    25.54   3    1.496
       519    890.368   1043.020     -45.1566    10.97   3    1.715
       520    679.977   1036.512      32853.1    83.29   0    1.067
       521    970.421   1058.875      609.869     5.22   0    2.352
       522    708.751   1052.027       441.44    10.61   3    1.027
       523   1092.889   1036.418     -3680.63     9.72   3    1.375
       524    881.413   1036.256     -518.779    15.77   3    1.358
       525    710.204   1048.226       540.58     6.52   3    3.050
       526   1098.413   1053.214     -3325.14    12.44   3    1.926
       527    898.874   1059.821      -210.15    11.58   3    1.866
       528    201.796   1055.814      306.666     5.03   3    1.361
       529    123.166    977.478      706.846     7.65   0    1.885
       530   1055.060   1062.210      343.585     6.10   0    1.940
       531    953.290   1049.943      589.618     7.97   3    1.342
       532    204.440   1052.506      151.592     6.73   3    1.900
       533    956.000   1052.946      272.382     5.33   3    1.817
       534    837.075   1049.223      836.755     5.01   1    1.394
       535    840.644   1055.522      1438.41     7.84   0    1.838
       536    910.983   1015.018     -152.701     5.95   3    1.875
       537    846.870    989.736      536.934     5.70   0    1.629
       538    911.420   1019.805      163.738     5.63   3    1.345
       539    886.063    982.101      615.592     8.72   3    1.722
       540    889.542   1027.005     -577.327    12.81   3    2.675
       541    520.818    985.296      598.394     5.22   0    1.635
       542    917.197    986.386      706.228     6.22   0    1.088
       543    897.246   1034.084     -797.366    16.66   3    1.789
       544    333.462    985.381      1128.22     8.58   0    1.845
       545   1101.962    981.903      130.054    10.54   0    1.173
       546    835.112    989.655      393.575    10.31   2    1.825
       547    888.696    986.023       256.72     7.65   3    1.739
       548    589.835   1024.317      885.135     8.43   0    1.632
       549    809.866   1027.109      1080.36     7.90   1    1.335
       550    918.161   1017.635     -268.245    13.04   3    1.479
       551    302.122   1012.958      383.026     9.95   3    1.297
       552    295.561   1010.985      -66.427     8.82   3    1.721
       553    298.815   1007.650      342.689     6.13   3    1.365
       554    174.000   1000.970      373.931     5.84   3    1.648
       555    177.525   1000.479      532.661     6.07   3    1.041
       556    891.816   1000.175      385.597     5.54   0    1.553
       557    259.821    997.399     -1094.07     8.98   3    1.877
       558    267.130    991.109     -457.971    19.20   3    1.502
       559    255.307    989.148      299.126     7.77   3    1.380
       560    257.483    985.479      198.083     5.12   3    1.224
       561    526.008    996.218      573.416     6.30   0    1.282
       562    625.394    993.162      588.648     7.46   3    1.593
       563    624.644    986.875     -69.5202     9.99   2    2.611
       564    464.855    993.443      849.455     6.74   0    2.884
       565   1036.225    990.966      958.168     9.08   0    1.162
