#   1 NUMBER          Running object number
#   2 X_IMAGE         Object position along x                         [pixel]
#   3 Y_IMAGE         Object position along y                         [pixel]
#   4 FLUX_AUTO       Flux within a Kron-like elliptical aperture     [count]
#   5 FWHM_IMAGE      FWHM assuming a gaussian core                   [pixel]
#   6 FLAGS           Extraction flags
#   7 ELONGATION      A_IMAGE/B_IMAGE
         1    899.421     20.650     -1552.17     7.28   3    1.203
         2    891.284     18.179     -911.857    13.23   3    1.584
         3    245.154     14.276      1014.61    10.22   0    1.129
         4    384.999     10.257     -2635.35    13.11  19    1.826
         5    390.030      3.814     -1126.42     7.19  19    1.918
         6    377.205      3.165      912.198    10.93  27    2.160
         7    370.777      3.107      344.954     6.34  27    2.024
         8    321.509      9.877     -684.817     7.96   3    1.837
         9    323.304      3.571      1877.94    14.46  19    2.400
        10    314.698     10.694      130.985     4.73   3    1.111
        11    314.987      5.006      254.172     5.92  19    1.857
        12     78.544      6.878       670.41    14.79  19    2.964
        13     85.770     10.102      1577.82     9.67   3    3.636
        14     90.748      7.986      1090.45    12.16  19    2.535
        15    561.508      6.503      716.648     8.95  19    1.670
        16    565.796      5.212      373.555     7.55  19    3.583
        17    573.081      2.466      801.091     9.11  27    1.823
        18    569.486      4.492      554.384     6.95  19    7.330
        19    568.345      1.287      340.118     0.92  27    1.164
        20   1103.481      1.814     -28.8542     6.78  24    1.682
        21    893.746     25.824      -838.59     7.38   3    1.091
        22    509.108     32.963     -291.909    11.39   3    1.647
        23    501.704     33.953      375.645     7.30   3    1.417
        24    263.300     33.267      990.876     5.38   3    1.297
        25    197.291     33.671      36.2008     6.97   3    1.310
        26    850.634     36.111     -157.689     9.16   0    1.420
        27    201.002     37.743     -1274.28     8.01   3    1.215
        28    193.633     36.759     -502.923     7.92   3    2.268
        29    504.754     39.523     -675.108     8.18   3    1.200
        30    266.367     36.243      46.1758     5.62   3    1.257
        31    263.341     38.718      56.6516     5.61   3    1.174
        32    523.871     53.770     -484.799    10.70   0    1.203
        33    100.013     41.026      1055.57     5.97   0    1.846
        34    337.041     52.697     -300.978     7.89   3    2.444
        35    331.607     54.229     -150.453     6.64   3    1.803
        36    910.407     55.498      171.666     7.97   2    1.554
        37    334.786     56.634     -1168.17     7.16   3    1.163
        38    906.994     53.274      182.838     4.95   3    1.267
        39   1150.049     70.105     -529.046    10.80   0    1.084
        40    623.599     79.411      189.857    13.50   2    1.653
        41    483.601     65.073       277.98     4.81   0    1.442
        42    628.369     76.753      291.616     7.21   3    2.311
        43    123.524     88.781     -2309.69    17.81   3    1.659
        44    791.249     81.369      682.621     7.90   0    1.918
        45    506.959     76.458      614.081     5.13   0    1.375
        46    681.526    191.397      78554.4    66.32   0    1.089
        47    121.902     97.575     -614.027    12.44   3    1.974
        48    133.003     91.311     -791.541     6.38   3    2.047
        49    745.658     94.996      521.131     7.05   0    1.709
        50    133.881    100.618     -1105.26     6.41   3    1.713
        51    433.188     97.869     -234.851     7.90   3    2.594
        52   1028.000    101.943     -56.0612     8.84   3    2.087
        53    135.986     95.868      187.229     6.47   3    1.279
        54   1030.213     98.630       418.57     4.77   3    1.129
        55   1161.698     98.692      370.599     4.51   3    1.636
        56    436.795    100.651      437.003     8.21   3    1.231
        57   1033.707    101.309     -1064.81     5.85   3    1.293
        58    497.412    104.787     -147.533     7.79   0    1.205
        59   1158.334     98.703      435.302     4.18   3    1.082
        60    486.005    113.691     -320.004    12.36   3    1.413
        61   1156.472    103.488     -883.002     5.19   3    1.562
        62    128.326    104.008     -663.585     6.54   3    1.412
        63   1161.695    104.696     -1336.06     7.02   3    1.301
        64    483.596    107.641     -562.112     9.34   3    1.475
        65   1033.695    106.695     -1354.41     7.84   3    1.676
        66    856.227    118.070     -630.372     8.01   0    1.491
        67    807.060    118.507      634.606     5.56   0    1.695
        68    872.485    121.654      698.157     7.80   0    1.980
        69     53.095    121.291      530.461     5.58   0    1.710
        70    195.399    118.613      293.953     5.73   0    1.048
        71    805.000    139.985     -872.644     8.32   3    3.315
        72    545.014    142.008      401.115    10.21   3    2.468
        73    282.071    132.605      54.5049     6.21   0    1.936
        74    606.154    136.303      1272.11     8.51   3    1.341
        75    357.850    136.367     -74.4377     6.15   0    1.785
        76    799.791    140.043     -195.791     5.63   3    2.384
        77    548.653    136.301        2.902     8.38   3    2.205
        78    123.206    145.729      591.618     7.54   3    1.632
        79   1166.933    142.207      424.177     7.14  24    1.907
        80    605.151    144.138     -126.805     9.07   3    2.291
        81    594.888    154.454      2319.22    10.33   2    2.130
        82    123.859    137.857      273.588     4.54   3    1.291
        83    548.751    141.989      725.988     6.70   3    2.055
        84    602.496    139.037      756.882     5.45   3    1.325
        85    120.466    140.462     -469.679     5.67   3    1.231
        86    802.479    144.059      505.261     4.83   3    1.339
        87    125.829    141.596     -473.861     3.77   3    1.825
        88    481.915    169.785     -161.303    15.04   2    1.488
        89    249.992    983.394     -1130.92     6.47   3    1.865
        90    636.785   1160.415      1024.68     8.51  27    2.004
        91    644.486   1161.623      666.551     7.08  19    1.489
        92    640.661   1156.682     -569.566     4.76  19    1.865
        93    571.500   1160.000      555.153     6.73  19    1.103
        94    564.501   1160.000      665.073     7.48  19    1.185
        95    848.473   1160.659      68.0748     4.64  16    2.458
        96   1105.016   1149.025     -966.691     3.93   3    1.168
        97   1104.841   1157.132     -266.003     3.37   3    1.410
        98   1103.061   1153.129     -415.845     4.52   3    1.524
        99    826.993   1148.381      383.782    10.42   2    1.276
       100    819.922   1148.512      101.204     6.23   3    1.190
       101   1090.858   1152.956      325.951     5.48   0    1.553
       102    773.007   1147.723      783.909     7.86   3    1.451
       103    998.001    943.998      -286.33     7.81   3    2.077
       104   1055.402    939.029     -12.2108     7.12   3    1.392
       105   1050.927    934.992     -197.709     6.16   3    1.510
       106   1055.951    932.008     -852.414     8.34   3    1.716
       107    491.167    936.768       122.18     5.25   0    1.899
       108    235.057    937.660      137.086     5.91   0    1.630
       109   1140.696    919.802     -494.491     7.79   0    1.466
       110    495.997    919.098      910.406     7.66   0    1.052
       111   1079.630    915.984     -2.28035     6.18   0    1.293
       112    687.786    912.433      278.195     6.31   0    1.252
       113    131.000    906.515     -830.486     6.11   3    2.051
       114    128.506    902.940     -90.2632     5.19   3    1.157
       115    128.219    910.861     -229.471     5.22   3    1.599
       116    125.629    906.864     -644.667     7.97   3    1.802
       117    856.007    907.834      159.324     8.53   0    1.313
       118    679.121    907.698     -204.642     6.71   2    1.527
       119    971.012    904.284      800.086     6.67   0    1.318
       120     26.169    903.382      424.425     7.18   3    1.739
       121     28.825    899.847     -35.4419     8.19   3    1.975
       122    629.970    885.346     -12.1283     7.22   3    1.841
       123    626.960    883.687       225.56     5.60   3    1.139
       124    972.510    879.494      425.531     7.66   0    2.130
       125    828.651    873.626      318.873     5.41   0    2.131
       126    952.809    869.625     -259.585     9.32   3    1.798
       127    946.597    869.751      517.936     8.21   3    1.875
       128    949.515    866.557      290.809     5.55   3    1.095
       129    453.711    869.058     -226.027     8.34   0    1.648
       130    878.836    868.727     -128.033     6.10   3    1.231
       131    881.521    865.181     -36.8944     7.16   2    1.769
       132     91.145    865.215      91.0487     6.20   0    1.676
       133   1161.713    863.731     -124.862     8.21  16    1.461
       134    434.293    864.907      639.222     4.94   0    1.399
       135   1002.144    862.569     -575.512     8.64   0    1.104
       136    474.779    860.592      497.283     7.95   3    1.773
       137    470.988    862.712     -808.689     6.98   3    1.034
       138    248.497    860.049      204.629     7.39   0    1.640
       139     28.519    853.745     -13952.7    25.57   3    1.141
       140     34.682    835.533     -18534.7    28.61   3    1.202
       141    599.971    855.504      302.075     6.63   0    1.284
       142    477.422    851.923     -254.146     9.78   3    1.592
       143    481.001    850.266     -298.646     6.95   3    1.816
       144    354.670    853.398      566.028     5.88   0    1.033
       145    578.715    848.974      237.265     6.78   3    2.724
       146    582.324    846.133      95.0002     7.98   2    1.555
       147    922.738    845.371      54.4956     6.97   3    1.814
       148    919.905    841.841     -290.201     8.39   2    1.474
       149    758.367    838.949      795.017     6.74   0    1.264
       150     16.386    835.947     -499.195     9.75   1    1.519
       151    300.258    831.781     -463.952     9.13   3    1.333
       152    295.000    829.092     -646.028     5.80   3    1.745
       153    303.200    826.204     -284.792     5.12   3    1.193
       154    297.539    822.357      721.501    11.17   3    1.419
       155    965.068    826.038     -346.404     8.13   0    1.550
       156    651.834    825.755      460.927     9.26   3    1.989
       157    654.797    824.787     -1071.18     6.63   3    1.905
       158    892.058    819.619      276.647     9.00   3    1.236
       159    891.815    813.909      185.923     8.06   3    1.464
       160   1036.477    817.844      511.477     5.75   0    2.142
       161    188.039    817.338     -9.45487     5.51   3    1.170
       162    184.478    815.051      52.4876     8.80   2    1.594
       163    349.166    812.424      38.0879     6.65   3    2.085
       164    346.339    817.293      194.988     5.16   3    1.292
       165    343.447    812.370      1800.27    11.48   3    1.660
       166    458.296    811.674      688.358     8.26   3    1.918
       167    462.042    809.489      312.973     6.84   3    1.336
       168    302.685    808.972      15.4846     6.57   3    1.101
       169    298.912    807.458      266.282     7.63   3    2.288
       170    595.776    799.364     -884.753     9.21   3    2.142
       171    598.000    794.987       -345.4     7.66   3    2.214
       172    595.490    790.564     -434.854    10.29   3    2.590
       173    559.232    790.033     -1468.09    10.77   3    3.145
       174    563.538    797.444      364.965     9.78   3    1.549
       175    565.017    790.292     -11.5707     6.35   3    1.638
       176    887.543    792.605     -532.464    10.65   2    1.226
       177    674.688    791.658      1195.69     9.21   0    1.527
       178    184.186    783.107      526.052     5.96   0    1.454
       179     46.168    769.913     -2901.57     9.87   3    2.028
       180     51.862    776.492     -143.779     7.48   3    2.429
       181     61.401    770.537     -2758.19    21.74   3    1.271
       182     48.768    763.207     -4371.59     8.57   3    1.513
       183     55.835    760.326      30.1765     8.95   3    1.868
       184    390.402    771.894     -2408.03    10.74   3    1.593
       185    382.549    767.595     -3587.97    18.08   3    1.539
       186    391.496    763.693      -1196.5     7.95   3    1.244
       187    174.479    766.983      736.675     6.77   0    1.258
       188    438.021    757.513      -466.99     7.18   3    1.916
       189    433.995    757.519     -625.817     6.89   3    1.827
       190    996.434    753.779      795.106     6.33   0    1.963
       191    966.336    750.114     -691.391     8.58   3    2.373
       192    972.736    747.302     -75.1743     6.89   3    1.742
       193    967.984    744.997     -1057.37     8.32   3    1.130
       194    281.936    751.338      298.852     6.41   0    1.668
       195    737.018    747.528     -301.915     8.97   3    1.551
       196    725.040    742.007     -7515.78    22.77   3    1.882
       197    743.840    739.754     -2698.93    14.98   3    1.090
       198    735.199    735.241     -658.349    10.81   3    3.261
       199    146.753    739.779      92.4661     5.85   3    1.584
       200    146.395    736.187      211.581     6.14   3    1.100
       201    349.535    734.748      734.055     7.86   0    1.544
       202    953.446    735.068      302.056     8.03   0    1.128
       203     31.348    734.493      725.938     5.91   0    1.028
       204    170.107    729.430      497.144     7.33   0    1.917
       205    869.288    726.226      588.408     7.90   0    2.001
       206    899.229    720.900      -1019.3     7.47   3    1.201
       207    895.287    715.647     -911.296    10.30   2    2.833
       208    512.536    719.132     -798.943    10.95   3    1.815
       209    517.907    711.768     -5281.36    19.45   2    1.251
       210    954.828    701.017     -120.026     7.45   0    1.889
       211    903.297    699.609      266.402     7.59   3    2.150
       212    906.860    698.660     -353.073     6.55   3    1.275
       213    533.239    694.446     -1285.63    11.78   3    1.714
       214    526.533    688.218     -3853.56    20.02   2    1.689
       215   1066.189    687.928     -265.116     3.94   3    1.522
       216   1069.824    692.660      -711.98     9.78   3    1.267
       217   1064.302    691.828      -58.261     5.85   3    1.101
       218    340.050    683.233      311.603    54.78   3    1.299
       219    346.255    654.957      6433.93    44.16   3    1.348
       220    621.320    685.663      481.133     8.17   0    1.191
       221    580.737    678.990      635.868     5.55   3    1.185
       222    580.723    684.981      1322.25     6.06   3    1.617
       223    577.523    681.982       756.37     6.89   3    1.467
       224    146.086    685.043      368.076     4.44   0    1.069
       225    824.156    674.074        475.4     7.24   0    2.116
       226    571.013    665.442      1276.73     6.50   3    1.051
       227    567.710    662.654      866.548     5.52   3    1.353
       228    574.023    661.000      749.703     4.66   3    1.619
       229    570.509    659.464      1199.69     6.34   3    1.135
       230    827.400    665.166      686.543     5.51   3    1.197
       231    827.332    661.318      788.425     5.61   3    1.297
       232    230.863    663.298       409.38     6.19   0    1.384
       233    281.468    658.794      358.553     6.83   0    1.386
       234    130.794    652.827     -217.909     6.28   3    2.120
       235    127.988    649.618     -43.4324     8.98   3    1.616
       236    410.448    645.287     -1713.15    12.90   3    1.972
       237    405.963    649.000      826.656     6.67   3    2.182
       238    401.028    644.583      241.851    11.07   3    1.157
       239    966.534    641.460     -264.277     8.03   3    2.471
       240    962.810    641.399     -67.3493     6.70   3    1.518
       241    291.991    637.201      -83.263    25.45   3    1.813
       242    300.593    629.935      1.88788    12.69   3    4.437
       243    293.385    618.356     -871.415    19.14   3    1.466
       244    835.414    629.145     -1869.38     8.94   3    2.848
       245    840.812    636.669     -2392.42    21.23   3    1.251
       246    849.177    630.190     -1401.21     8.58   3    2.417
       247    841.479    622.941     -485.958     9.76   3    1.879
       248     84.829    635.806      468.243     9.27   0    1.245
       249    921.533    630.315      680.341     7.73   0    1.831
       250   1043.156    629.599      475.753     7.06   0    1.772
       251    527.196    620.829     -181.601     6.98   3    1.301
       252    523.231    626.691      585.873     9.82   3    1.607
       253    529.921    630.992      992.464     8.85   3    1.759
       254    533.020    625.995      739.386     8.80   3    1.243
       255    473.431    627.463       1072.3    11.26   0    1.434
       256    935.998    630.000     -117.425     4.87   3    1.592
       257    932.526    622.364     -1153.48    15.17   3    2.705
       258    932.351    613.724      819.329     8.56   3    1.967
       259    943.711    627.157     -1191.69    11.66   3    1.377
       260    938.646    619.986     -1170.83     7.95   3    1.588
       261    803.868    623.730      140.291     7.22   3    1.210
       262    803.734    620.234      57.4164     5.46   3    1.444
       263   1078.281    622.765      -89.944     6.04   3    1.515
       264   1078.167    619.266      249.907     6.86   3    1.260
       265   1121.491    618.511      221.511     5.87   3    1.240
       266   1123.994    616.242      111.308     6.19   3    2.002
       267    408.971    612.499      574.717     7.28   3    2.136
       268    413.151    612.192      198.946     7.15   3    1.443
       269    567.729    597.247      25710.4    38.45   3    4.536
       270    598.954    581.261      62382.9    93.65   2    1.282
       271   1097.754    609.993     -345.726     6.03   3    1.640
       272   1102.698    609.370      25.2539     8.14   3    1.807
       273   1099.478    604.949      475.301     5.96   3    1.070
       274    319.590    607.574       1256.2     8.20   3    1.848
       275    316.000    606.988     -169.967     6.18   3    1.987
       276    384.451    597.309      419.465     5.96   0    1.038
       277    779.878    587.641     -107.606     7.48   3    1.505
       278    784.931    591.001     -342.216     7.78   3    2.561
       279    785.449    585.345     -91.9628     9.79   3    1.486
       280    421.229    586.846      528.639    17.15   3    1.671
       281    412.840    581.440     -535.725    12.87   3    1.959
       282    417.322    576.242    -0.330014     5.27   3    1.234
       283   1148.509    587.437      355.752     3.01   2    1.729
       284    969.413    585.167     -398.898     4.58   3    1.918
       285    964.843    581.297     -1210.13    13.03   3    1.213
       286    965.593    574.994     -854.136     6.21   3    2.476
       287    973.000    578.473     -939.786     7.54   3    1.881
       288    970.727    574.335     -208.877     5.50   3    1.385
       289    193.753    576.703     -1680.39    12.72   3    2.255
       290    188.630    582.963     -2466.07    12.71   3    1.689
       291    183.662    572.653     -2368.95    18.05   3    1.528
       292    842.375    580.141      179.916     8.80   0    1.460
       293    138.670    575.637      800.648     8.14   0    1.457
       294    502.318    563.002      407.997     5.09   0    2.217
       295    388.368    562.587      228.607     5.99   0    1.180
       296    798.477    558.944     -146.923     4.62   0    2.429
       297    210.986    557.504      1092.28     6.95   0    1.233
       298   1098.097    550.582     -291.153     6.52   3    2.435
       299   1102.435    545.845     -253.509     8.68   3    1.009
       300   1096.294    544.087     -515.568     7.11   3    1.785
       301    888.052    533.348     -450.076     9.58   3    1.852
       302    892.000    530.530     -474.254     6.46   3    2.122
       303    890.000    526.861     -324.953     6.73   3    2.123
       304    558.869    527.665      1936.42    12.29   3    1.919
       305    562.829    532.899      1021.48     9.89   3    1.390
       306    567.000    528.597      331.099     8.21   3    2.228
       307    450.192    521.784      1051.65    11.07   0    1.191
       308    843.000    520.079     -623.455     5.72   3    1.771
       309    839.662    523.004     -716.703     6.66   3    1.259
       310    837.324    517.235     -1966.57    10.96   3    1.703
       311    842.691    515.302     -87.1868     6.01   3    1.093
       312     78.524    509.178     -32.6724     7.12   3    2.234
       313     73.568    507.502     -69.0987     5.42   3    1.255
       314     76.334    504.273      246.359     5.42   3    1.336
       315    165.121    507.340     -104.523     5.51   3    2.273
       316    168.702    504.477     -677.055    10.19   2    1.494
       317   1006.151    504.339      698.806     6.73   3    2.772
       318   1002.604    504.669      339.432     8.15   3    1.399
       319   1153.491    502.351      511.984     5.83   0    1.053
       320    768.246    502.780      380.108     5.53   0    1.741
       321    101.941    499.711      83.4587     6.91   3    1.681
       322    106.845    497.803     -168.489     6.89   3    1.923
       323   1106.741    496.367      595.176     8.26   3    1.719
       324   1112.048    494.837      136.502     6.22   3    1.088
       325   1109.036    492.000     -134.388     5.55   3    1.909
       326   1122.469    495.951      471.602     8.44   0    1.830
       327    410.019    496.512      336.222     4.49   0    2.308
       328    640.580    491.324      496.703    11.26   0    1.353
       329    588.114    488.304      1894.93    11.21   2    1.276
       330    594.395    489.279      1930.48     8.35   3    1.360
       331   1106.616    482.832      127.218     9.76   0    1.245
       332    848.342    482.184      212.312     7.37   3    1.477
       333    845.480    479.474        761.9     8.31   3    1.908
       334    406.964    475.468     -7876.96    24.08   3    1.315
       335    417.292    466.502     -7447.77    19.26   3    1.659
       336    191.564    475.000     -2819.19     9.86   3    2.601
       337    195.537    472.537      -2510.8     8.40   3    1.929
       338    187.298    467.324     -1720.92     9.64   3    1.972
       339    191.369    464.777     -1791.15    11.24   3    1.835
       340    244.530    465.795      288.376     4.74   0    2.565
       341   1139.855    463.943     -39.9674     4.74   3    2.013
       342   1140.816    459.067     -147.348     9.28   2    2.173
       343    958.594    459.690      199.787     6.04   0    2.409
       344    707.005    445.456     -39.3303     8.76   0    1.468
       345    466.253    443.490      401.207     4.67   0    2.478
       346    663.489    454.195      600.713     7.67   0    1.153
       347    138.198    423.422     -2090.98    14.61   3    1.249
       348    136.564    435.296     -842.869    13.34   3    1.708
       349    130.867    429.462     -336.256    10.10   3    1.696
       350     15.185    423.991     -5160.92    18.46  18    1.442
       351     18.617    430.135     -186.612     8.04   3    3.485
       352     23.528    427.477       461.69     5.33   3    1.245
       353    703.119    427.607     -1817.56     9.88   3    1.309
       354    700.326    421.167     -1675.15     8.74   3    1.740
       355    709.000    423.020     -1331.03    10.16   3    2.126
       356    705.040    418.000     -730.455     8.24   3    1.881
       357    905.246    422.159      172.891     7.87   0    1.502
       358    829.198    419.933     -573.058     8.30   0    1.399
       359   1128.421    420.173     -516.212     7.79   3    1.637
       360   1132.809    414.873     -216.579     8.07   3    1.556
       361   1123.401    412.837      217.306    12.51   3    1.519
       362   1130.315    409.880     -503.657     6.12   3    1.516
       363   1026.587    404.444     -287.459     6.16   3    1.328
       364   1031.173    406.774     -500.365     7.70   3    2.952
       365   1031.696    416.389     -1834.39     8.61   3    1.814
       366   1033.767    411.299       254.74     5.77   3    1.499
       367   1024.807    419.155     -1276.04     8.03   3    1.667
       368   1019.243    409.950     -3341.05    17.64   3    1.678
       369    634.005    406.113     -852.235     8.45   3    2.072
       370    645.292    411.300      -1286.2    23.78   3    1.561
       371    641.959    400.745     -2722.07    15.94   3    1.414
       372    301.779    407.320     -1241.99    15.19   3    1.043
       373    298.943    414.000      599.058     5.63   3    1.660
       374    295.767    411.989      274.598     7.54   3    2.136
       375    584.159    392.648     -1004.05    10.80   3    2.092
       376    592.469    394.549      1600.41    10.48   3    2.041
       377    580.336    389.761      107.209     7.39   3    1.016
       378    587.912    388.903      139.497     8.82   3    3.319
       379    636.102    393.208     -135.642     8.52   3    1.496
       380    637.503    389.488     -60.0794     6.58   3    2.550
       381    680.862    393.928      464.057     6.63   3    1.373
       382    679.654    388.299      142.658     4.85   3    2.047
       383    353.322    387.587     -1503.62    12.00   3    1.586
       384    345.706    388.503     -80.0766    12.42   3    1.826
       385    348.337    383.708       57.339     4.94   3    1.687
       386    254.488    374.167     -13196.5    34.67   3    1.059
       387    263.737    388.381     -2324.41    13.19   3    2.576
       388    271.476    379.390     -2944.68    17.28   3    2.035
       389    838.002    386.037     -283.868     6.71   3    2.160
       390    834.999    386.933     -169.461     6.66   3    2.155
       391   1060.632    386.896      158.969     6.18   0    1.984
       392    910.239    383.611     -77.1063     7.39   0    2.383
       393    333.536    378.959      239.396     6.71   3    1.340
       394    330.014    376.265       216.72     5.91   3    1.054
       395    684.672    375.690      614.016     5.59   3    1.227
       396    684.480    372.478       207.62     5.88   3    1.087
       397    388.067    370.266      948.761     7.22   0    1.258
       398    615.384    368.327      352.114     7.96   0    1.850
       399    306.307    368.765      -389.94     5.92   3    1.199
       400    310.678    362.242      398.307    10.97   3    1.982
       401    303.504    365.421     -595.219    10.53   3    2.833
       402    306.086    357.002     -828.081     8.23   3    2.046
       403    530.595    361.634      1014.97    10.90   0    1.513
       404    798.925    362.561       1275.1     6.87   0    1.292
       405    896.778    360.394       349.75     6.29   3    1.885
       406    893.345    358.807      518.763     7.02   3    1.155
       407    710.438    353.722      462.951     7.36   0    2.072
       408    835.550    347.729       397.58     6.43   0    1.470
       409    391.061    346.288       514.77     6.09   0    1.299
       410    860.858    343.448      508.455     7.55   2    1.601
       411    352.638    340.762     -36.2461     5.25   3    1.256
       412    356.419    343.217       412.74     5.81   3    1.637
       413    356.601    337.388      715.082     5.89   3    1.419
       414   1002.000    318.038      485.217     4.26   3    1.478
       415   1003.269    315.235      397.134     6.11   3    1.514
       416    715.588    316.584      962.726     6.03   0    1.009
       417    162.718    312.073     -37.9444     6.19   0    1.254
       418    555.063    299.959      450.791    10.32   0    1.421
       419    117.204    292.829      202.161     4.98   3    1.151
       420    117.836    298.947       721.47     6.91   3    1.125
       421    120.913    295.329      268.265     6.21   3    1.181
       422    909.811    291.523      3.87211    12.24   3    1.571
       423    913.497    284.554      145.492     5.00   3    1.493
       424    916.998    292.232      365.216     6.02   3    1.742
       425    916.673    287.316      377.727     5.07   3    1.458
       426      8.671    284.772      -4424.6    24.02  26    1.485
       427      2.586    271.282      2183.19    12.21  27    2.175
       428   1063.827    285.034      915.378     8.10   0    1.510
       429    547.441    280.507      351.884     6.59   3    2.280
       430    544.276    279.128     -179.191    10.17   3    2.043
       431    441.771    272.370     -3370.52    35.24   2    2.054
       432    458.050    272.877     -9465.66    30.18   3    2.260
       433     70.994    279.754     -300.478     5.59   3    1.213
       434     68.483    278.002     -207.369     5.46   3    1.801
       435    937.270    275.534      266.522     5.60   0    1.110
       436    988.380    265.397     -854.562     7.24   3    1.096
       437    984.558    262.989     -95.9146     5.72   3    1.551
       438    988.108    259.868      366.557     6.76   3    1.152
       439    215.866    262.262     -322.257     6.55   3    1.722
       440    215.851    255.675      330.543    14.86   2    1.020
       441    764.604    255.131      1319.65     6.57   0    1.276
       442    712.303    248.603      2259.14    12.58   0    1.636
       443    364.955    251.553      617.129     5.12   0    1.382
       444    310.242    243.907     -10.3496     8.54   3    2.149
       445    313.516    244.505     -642.104     7.49   3    2.062
       446    591.646    246.632      787.696     5.89   3    1.060
       447    589.960    241.754      532.596    10.95   2    1.551
       448    254.066    230.195     -276.565     7.61   3    2.233
       449    269.325    225.846     -438.837     7.77   3    2.643
       450    261.117    230.128     -359.341    18.46   3    1.880
       451    269.806    238.250      -459.44     8.45   3    1.785
       452    274.943    232.468     -354.632     9.89   3    1.618
       453   1048.802    228.191      450.352     6.16   3    1.427
       454   1045.770    223.588     -534.794    10.52   3    1.297
       455    351.737    228.254      242.434     6.43   3    1.454
       456    351.973    225.000      110.551     5.89   3    1.637
       457     16.198    228.429      673.607     6.61   0    1.242
       458    410.000    216.967      300.029     7.17   3    2.863
       459    405.789    217.240      482.354     6.87   3    1.279
       460    453.436   1085.300     -1152.88     9.07   3    1.528
       461    976.317    207.791     -1810.21    12.99   3    1.390
       462    963.755    203.679     -6693.41    21.07   2    1.458
       463    260.446    209.513      317.777     6.25   0    1.533
       464     19.422    201.351      63.6064     9.64   3    1.455
       465     16.331    199.314     -497.356     5.93   3    1.762
       466    531.005    186.854     -1862.88    11.16   3    2.045
       467    539.221    187.357     -1858.53    10.89   3    2.133
       468    535.191    181.588      -1024.1     8.22   3    2.186
       469   1126.979    190.426     -496.055     9.41   3    2.554
       470   1129.915    186.824      313.911     7.11   3    1.164
       471   1126.357    183.729     -108.641     6.96   3    1.721
       472    890.292    188.396     -155.279     8.04   0    1.660
       473     67.984    185.493     -492.116     6.25   3    2.600
       474     64.152    190.254     -101.727     9.03   3    1.469
       475     59.621    185.968      340.462     7.87   3    1.792
       476     64.323    181.857     -95.5675     8.06   3    2.152
       477    838.428    180.494      1040.32    11.15   3    1.187
       478    841.531    184.544      998.833     5.70   3    1.095
       479    844.379    181.752      544.602     6.37   3    1.502
       480   1075.111    175.249      103.695     5.44   0    1.682
       481    533.546    173.970      1195.27     8.37   1    1.930
       482    276.978    175.653      218.774     7.73   2    3.742
       483    277.371    172.074     -41.4906     6.70   3    1.235
       484   1111.537   1151.438     -661.926    16.04  19    1.459
       485    474.966    168.017      -323.84     8.07   3    1.305
       486     31.621    165.975      1259.04     9.00   2    2.094
       487     28.483    166.471      206.016     5.46   3    1.182
       488    137.992    166.908      214.072     7.91   2    1.664
       489    135.743    162.825     -167.508     6.19   3    1.335
       490    997.303    165.248      375.369     6.27   0    1.240
       491    683.299    162.525      2519.69     7.74   3    2.048
       492    686.479    160.518      2488.84     6.10   3    1.082
       493    233.108    973.334      228.104     8.66   0    1.485
       494    572.678    153.604      235.594     5.62   0    1.037
       495    777.000   1147.600       700.96     7.72   3    2.270
       496    639.346    971.146      731.312     7.10   0    1.631
       497    196.749   1146.678      209.761     5.60   0    1.044
       498    604.003    957.289     -1766.49     8.56   3    2.539
       499    918.530    975.649      737.351     9.19   3    1.590
       500    534.892   1144.516      262.768     8.93   0    1.410
       501   1001.687    942.424     -26.2059    10.21   2    2.447
       502    256.818   1135.794      471.336     5.34   3    1.084
       503    914.784    973.251      336.558     7.78   3    2.640
       504    596.902    959.543      132.994     9.25   3    1.188
       505     50.232   1142.494      154.464     5.47   0    1.033
       506    601.527    965.031      -305.96     6.78   3    1.480
       507    253.131   1134.727     -75.5011     7.16   3    1.839
       508    356.575   1127.490     -11.3146     4.89   3    1.379
       509    359.998   1129.079     -207.064     7.56   2    1.584
       510    621.204   1133.644      514.933     6.02   0    1.206
       511      4.106    973.038      62.5877     7.28  19    2.162
       512    313.363   1126.595      429.537     6.54   0    1.285
       513     16.635   1115.960      1155.53     8.18   0    1.957
       514      8.660    975.429     -658.916    10.33  19    1.084
       515    231.955   1124.500     -594.383     7.42   0    1.800
       516    172.227    980.684     -1561.42    12.82   1    1.158
       517    277.525   1111.662      225.331     7.87   0    1.604
       518    181.487   1112.165       429.19     7.27   0    1.593
       519    253.997    973.742     -1739.28    11.81   3    1.806
       520    474.670   1062.715     -278.844     4.76   3    1.421
       521    347.840   1064.134     -903.946     9.04   0    1.110
       522    438.671    983.703      6.51718     5.57   3    1.021
       523    183.932    980.449      893.878     8.61   1    1.703
       524     70.514    983.125       443.99     4.75   0    2.563
       525    707.938   1027.773      -158.31     5.17   3    1.275
       526    438.670    980.298      145.507     5.20   3    1.075
       527    831.015    982.511      455.356     5.09   0    1.366
       528    459.108   1074.638     -3628.19    15.24   3    2.658
       529    223.362   1076.928      372.392     7.17   0    1.069
       530    471.641   1065.995     -34.9047     6.22   3    1.437
       531    399.142   1068.283       318.99     7.13   0    1.862
       532    455.367   1072.257     -913.887    10.70   3    2.311
       533    115.282   1107.701      326.425     5.34   0    1.940
       534    477.777   1065.752     -50.0077     5.07   3    1.388
       535    210.466   1098.907      14.3581     7.33   0    1.703
       536    330.701   1075.350      122.386     5.32   3    1.339
       537    474.681   1068.694      314.609     5.47   3    1.117
       538    768.517   1077.199      648.864     7.34   2    2.270
       539    447.904   1082.203     -3516.05    15.85   3    2.790
       540      8.634   1070.197      429.587     5.10   0    1.771
       541    334.448   1074.987      214.405     6.21   3    1.336
       542     32.879   1050.510       27.047     4.67   0    1.411
       543   1027.317   1055.028      244.702     7.49   0    1.032
       544    704.929   1030.995     -282.025     6.68   3    1.280
       545    706.358   1056.219      233.425     7.01   0    1.952
       546    795.457   1054.421       262.21     6.39   0    1.558
       547    711.082   1030.853     -231.275     6.73   3    1.185
       548    708.006   1034.000     -134.162     5.42   3    1.588
       549    248.429    977.243     -1169.08     7.37   3    2.196
       550    350.937   1037.352      79.2171     7.15   3    1.218
       551    895.318   1037.629      435.709     6.02   3    1.882
       552    777.955   1031.849      69.2406     7.44   0    1.963
       553    354.370   1035.867      839.192     7.73   3    2.453
       554    895.429   1033.191     -704.879     8.14   2    1.882
       555    393.019   1035.662     -107.687     5.54   3    1.463
       556    397.004   1029.948      296.054     5.35   3    2.130
       557    396.760   1040.386     -1685.43    11.12   3    1.924
       558    400.864   1032.422     -883.493     4.82   3    1.341
       559    223.293   1014.824      643.041     7.31   0    1.054
       560    259.872    980.097     -814.259    10.60   3    1.674
       561    119.338   1014.376      519.812     6.88   0    1.223
       562    441.931   1012.151     -525.815     6.34   3    1.895
       563    444.524   1008.516     -872.934     7.86   3    2.335
       564    435.463   1010.948     -1101.33    12.76   3    1.627
       565    437.787   1002.743      693.357    11.86   3    1.733
       566    664.010   1011.033      430.484     5.24   3    1.603
       567    665.767   1007.992      179.015     6.12   3    1.236
       568    461.709    997.697     -287.644    12.71   0    1.376
       569    178.596    997.944     -1144.49     8.22   0    1.324
       570   1038.712    988.358     -932.883     9.65   3    1.438
       571   1040.935    995.681     -439.241    11.58   3    2.355
       572   1035.475    996.008     -1022.79     6.76   3    1.470
       573   1108.063    986.676     -15199.9    25.10   3    1.572
       574   1117.750    978.865     -12268.6    23.00   3    1.639
       575    178.675    988.801     -305.943     8.89   1    1.149
       576    507.580    989.478      1035.35     6.03   0    1.027
       577    407.556    988.483      306.131     5.75   0    1.050
       578    255.008    986.068     -664.678     5.86   3    1.198
