#   1 NUMBER          Running object number
#   2 X_IMAGE         Object position along x                         [pixel]
#   3 Y_IMAGE         Object position along y                         [pixel]
#   4 FLUX_AUTO       Flux within a Kron-like elliptical aperture     [count]
#   5 FWHM_IMAGE      FWHM assuming a gaussian core                   [pixel]
#   6 FLAGS           Extraction flags
#   7 ELONGATION      A_IMAGE/B_IMAGE
         1    715.189     15.030      523.474     7.51   0    1.635
         2   1055.304     10.786      889.031     8.47  16    1.857
         3    422.706      5.594      218.315    12.90  19    1.486
         4    425.226     11.615      1144.44     6.37   3    1.480
         5    427.981      7.447      1087.34     6.68  19    2.278
         6    328.312      4.456       792.18    10.81  19    1.614
         7    327.014     11.998      611.022     7.69   3    1.583
         8    332.298      8.465      185.255     9.01  19    2.301
         9   1151.909      9.239      1429.06    10.18  16    1.330
        10    561.525      6.405      976.068     7.28  19    1.421
        11    565.797      5.207      920.756    10.43  19    3.519
        12    569.098      3.315      1470.31     7.80  27    2.273
        13    573.029      2.612      893.147     6.17  27    2.053
        14    401.505      5.789      320.064     4.70  16    2.503
        15    607.846      3.541      2274.49     9.69  24    1.171
        16    393.633      2.471      620.301     5.97  24    1.056
        17    286.283     22.006      996.913     9.78   2    1.737
        18    554.145     15.623      598.166     5.41   0    2.306
        19    283.471     18.461      924.841     6.14   3    1.148
        20    757.853     17.476      1323.68     6.73   0    1.290
        21    280.640     21.213      403.346     5.29   3    1.320
        22    859.053     21.165      885.536     5.46   0    1.608
        23    990.538     18.894      20.6873     5.94   0    1.796
        24    399.661     32.105      1114.82     8.43   0    1.455
        25     61.854     27.828      1389.08     9.77   0    1.627
        26    811.968     29.281       199.76     7.16   0    1.054
        27   1108.212     38.835      1174.19    10.27   0    1.210
        28    991.676     34.135      388.011     6.48   0    1.279
        29    609.203     39.090      959.485     8.70   3    1.290
        30   1055.260     38.562      1228.49     6.54   0    1.128
        31    608.606     44.789      1404.18    10.47   3    1.545
        32    632.961     40.395      1213.52     9.08   3    1.586
        33    630.721     37.238      457.017     5.93   3    1.438
        34    327.805     40.273      827.294     6.39   0    1.302
        35    965.084     35.967      368.521     4.51   0    1.414
        36    926.361     48.179      835.188     7.01   3    2.355
        37    640.347     53.894      1562.84     8.33   0    1.898
        38    367.749     49.491      1226.89     9.50   0    1.097
        39    867.509     47.166       428.71     4.78   0    2.587
        40    818.174     56.516       601.66     8.64   3    1.654
        41    924.184     52.206      821.113     6.90   3    1.104
        42    822.940     57.934       2155.5     9.33   3    1.715
        43    558.100     72.421      1442.59    12.27   2    1.450
        44    284.075     62.927      1359.54     9.99   0    1.174
        45    109.568     55.140      1005.53     5.52   0    1.741
        46    563.178     69.636      897.503     6.65   3    1.565
        47    191.402     75.384      553.407     7.53   0    1.062
        48   1128.891     76.674      911.223     5.65   0    1.848
        49    149.778     82.187      712.348     5.47   0    1.937
        50    429.629     83.233      267.185     5.52   3    1.131
        51    432.536     80.510      435.109     5.79   3    1.200
        52    435.492     83.520      796.982     6.66   3    1.212
        53    740.538     83.024      1287.93     6.88   0    1.261
        54    665.146     87.866      662.709     6.03   3    1.427
        55    306.317     83.841      1444.35     7.13   0    1.158
        56    792.830     89.820     -293.602     9.22   3    1.810
        57    432.986     86.221      559.134     6.26   3    1.358
        58    438.904    107.856       -886.7    30.03   3    1.221
        59    668.910     92.161      253.564     9.92   2    1.365
        60    185.746     89.591      355.138     8.17   0    1.368
        61    685.972     91.202      237.604    10.29   3    1.592
        62    792.818     97.602      418.816    10.61   3    1.306
        63    787.700     97.579      91.9167     8.45   3    2.029
        64    787.303     90.001      661.773     5.47   3    1.288
        65    147.506     96.957      1206.54     5.41   3    1.395
        66    685.415     96.247      377.885     6.16   3    1.544
        67    536.584    105.401      1546.67    11.56   2    1.174
        68    150.848    102.346      1049.85     8.94   3    1.752
        69    143.127    100.135      383.367     5.77   3    1.049
        70    458.122    127.141     -430.489    25.38   3    1.251
        71    688.695     96.304      662.746     4.57   3    1.226
        72    453.863    114.204      1898.58    16.52   3    1.902
        73    143.309    105.002      822.443     6.75   3    2.011
        74    443.444    128.188      1004.25    15.81   3    1.307
        75   1000.671    103.146      447.505     5.09   0    1.920
        76    102.000    110.471      532.879     8.17   0    1.629
        77    434.132    124.876     -3025.46    18.37   3    2.598
        78    928.350    112.989      2464.58    10.30   3    1.335
        79    900.260    117.139      1038.99     8.22   0    2.010
        80    425.432    114.954      534.524     7.50   3    1.115
        81    477.128    111.411      912.439     6.88   0    1.095
        82    926.319    116.683      978.065     8.37   3    2.173
        83   1085.098    123.613      654.439     7.68   0    1.707
        84   1024.716    123.651      1935.14     8.93   0    1.645
        85    511.313    123.375      2028.44    10.56   0    1.058
        86   1153.801    116.576      1221.68     6.70   0    1.257
        87    491.193    140.760      125.922    12.83   3    1.527
        88    479.209    135.924      1190.73     8.88   3    1.101
        89   1140.645    131.000      757.643     5.30   0    2.126
        90    907.923    128.490      1047.63     6.87   0    1.309
        91     82.976    137.961       747.79    10.05   3    1.873
        92    236.962    141.823      2565.27    11.28   3    1.821
        93    482.551    148.344       401.87    19.16   3    1.066
        94    486.989    133.994      736.456     8.04   3    1.958
        95    162.182    146.160      440.569    10.16   3    2.549
        96     79.987    141.448      810.581     7.98   3    1.208
        97    240.599    150.339      2892.32    15.58   3    1.449
        98    242.619    142.840      202.369     6.98   3    1.258
        99   1053.727    148.687      1090.47     8.53   3    1.486
       100    161.222    140.747     -626.701     8.70   3    1.913
       101   1157.568    140.953      721.893     5.02   0    2.329
       102   1056.848    146.997      746.553     6.54   3    1.593
       103    476.050    142.344      517.522     5.34   3    1.444
       104    362.063    993.499     -443.042     7.65   3    1.135
       105    864.638   1159.128      1999.12    11.20  27    1.188
       106    874.247   1159.994      322.725    10.40  19    1.749
       107    869.662   1154.291      453.892     6.45   3    2.228
       108    571.499   1160.000      1681.96    10.06  19    1.025
       109    564.499   1160.000      2431.13    11.03  19    1.211
       110    130.681   1154.966      646.624     8.46  16    1.431
       111    646.114   1155.273      956.832     5.07   0    1.452
       112    899.389   1147.988      1844.26     7.40   0    1.175
       113    431.040   1141.000      349.574     6.29   3    3.168
       114    434.039   1139.016      558.981     4.49   3    1.704
       115    419.398   1133.941      364.656     5.32   0    1.632
       116   1032.456   1133.041      1248.47     6.87   0    1.262
       117    430.364   1129.548      1024.37     6.33   1    1.122
       118    704.721   1126.592      1371.48     8.46   0    1.554
       119    686.577   1125.132      1661.58     8.86   2    1.595
       120    689.685   1123.323      1099.57     5.25   3    1.205
       121    642.784   1117.677      1063.13    11.19   3    1.706
       122    640.238   1123.490      1389.63     9.68   3    1.344
       123    645.664   1125.292      184.462     4.08   3    1.435
       124    647.696   1122.673      536.163     6.17   3    1.294
       125    421.380   1125.096       456.87    10.80   3    1.320
       126    421.524   1120.495      501.405     5.58   3    1.078
       127    937.221   1121.408      684.337     6.67   3    1.984
       128     26.868   1078.699      1112.95     8.46   3    2.155
       129    391.444   1079.626      1197.41     9.82   0    1.187
       130    873.071   1077.965          762     4.51   0    1.052
       131    700.980   1074.547      1354.92     8.74   0    1.500
       132    291.046   1073.613      793.135     8.81   0    1.612
       133    793.710    975.052      223.378     8.75   3    2.062
       134    797.637    970.110      539.579     8.73   3    1.869
       135    791.984    965.979      548.537    14.30   3    1.444
       136    903.791    973.725      783.753     5.43   0    2.196
       137    411.084    971.314      1519.37     8.88   3    1.698
       138    414.777    970.764      383.889     6.24   3    1.771
       139    570.599    966.543      756.682     7.72   3    1.887
       140    574.131    965.466      765.975     7.20   3    1.844
       141     54.188    965.145      378.289     5.34   3    1.164
       142     55.607    959.356      642.814    10.04   2    1.194
       143     16.311    959.565      1701.51     8.57   3    2.084
       144     11.121    958.646      1589.86     7.11   3    1.215
       145     13.789    955.372      1029.89     6.53   3    1.374
       146    245.000    958.177      840.164    13.83   3    2.713
       147    253.206    955.761     -965.478    12.92   3    1.475
       148    253.506    946.694       -502.6    10.82   3    2.297
       149    249.289    942.177     -2409.01    22.92   3    3.065
       150   1055.160    957.883      892.837     5.23   0    1.613
       151    855.986    953.862      1528.96     7.62   0    1.095
       152    548.502    950.991     -136.301     8.79   2    2.625
       153    545.000    948.915      424.856     7.51   3    2.308
       154    372.395    949.550      1110.17     6.04   0    1.020
       155    986.372    946.208      1369.39     7.68   3    1.230
       156    983.239    943.449      1354.88     7.87   3    1.980
       157   1067.276    940.746      298.412     6.96   3    2.167
       158   1067.977    945.985      1688.11     7.76   3    1.324
       159   1071.000    943.027      877.033     5.73   3    1.871
       160    243.835    935.636     -269.852     7.08   3    2.466
       161    237.323    938.543      742.096    12.49   3    1.642
       162    238.541    932.062      1078.19     7.62   3    1.532
       163    332.860    933.452      442.833     8.90   0    1.359
       164    942.540    930.964      1184.99     8.62   0    1.517
       165    867.195    929.666      1302.62     8.33   3    1.675
       166    869.798    925.838      988.402     7.33   3    1.899
       167    458.515    928.508     -1332.44     8.35   3    1.390
       168    464.360    923.489     -1204.15    17.13   3    2.345
       169    459.927    911.530      149.589    19.40   3    1.306
       170    467.899    906.563      1705.14    11.79   3    2.565
       171    451.993    921.144       3241.4    20.12   3    2.151
       172    451.754    908.056      741.118     8.32   3    1.575
       173    413.859    926.231      1179.44    10.46   0    1.605
       174   1109.683    926.015      719.093    15.61   3    1.443
       175   1118.622    920.542      212.553     8.23   3    1.971
       176   1102.994    917.511     -210.641     9.38   3    1.735
       177   1112.711    909.196      9062.66    27.71   3    1.761
       178    741.986    922.900      1861.89    10.67   0    1.134
       179    102.465    923.636      1377.51    11.74   2    2.586
       180    102.731    916.706      820.356     8.82   3    1.287
       181    625.660    920.702      1379.57     9.77   0    1.200
       182   1138.959    920.427      857.383     8.75   3    2.066
       183   1141.276    916.319      1071.15     8.12   3    1.235
       184    636.441    916.012      895.035     8.45   0    1.301
       185    197.741    915.004      1229.22     8.53   3    1.887
       186    194.481    916.495      745.828     6.23   3    1.142
       187    815.176    911.791      720.954     7.30   2    2.263
       188    628.916    912.675       600.81     6.57   1    1.479
       189    704.110    907.895      766.114     8.27   0    1.413
       190    790.315    904.017      20.9605     8.91   3    1.743
       191    786.943    901.311      711.289     5.87   3    1.232
       192    791.047    898.275       339.23     8.53   3    1.782
       193    689.351    901.831      463.419     7.45   2    1.846
       194    475.893    901.865      645.122     6.16   0    1.359
       195    845.236    898.960      325.926     5.40   0    1.541
       196    455.184    900.135      686.883     6.18   3    1.818
       197    454.272    895.046      1236.07    12.53   2    1.558
       198    142.089    897.529       573.92     6.28   0    1.795
       199     77.223    893.400      462.176     4.86   0    1.608
       200    653.516    890.522      1678.25     8.52   3    1.427
       201    657.000    888.975      717.048     5.81   3    1.658
       202    489.327    881.543      814.365     5.98   0    1.016
       203    624.565    879.493      925.779     7.98   0    2.139
       204    533.884    872.935     -528.096    11.95   3    1.140
       205    529.481    879.043      285.875     8.20   3    1.436
       206    523.831    872.628      1736.88    11.07   3    1.564
       207    528.221    866.732       891.48     6.84   3    1.504
       208    497.390    873.354      1063.57    10.40   3    1.109
       209    503.003    874.000      188.506     4.16   3    1.467
       210    501.509    869.128     -348.559     7.73   3    1.753
       211    422.979    871.877     -67.5373     7.52   0    1.612
       212    192.046    872.300      1699.55     7.70   0    1.217
       213    962.310    868.150      1464.49    12.90   2    1.292
       214    957.953    863.981      702.648     6.82   3    1.281
       215     68.222    870.255      703.944     6.05   3    1.728
       216     65.077    867.875      1860.69     8.67   3    1.977
       217    487.303    861.653      381.414     7.93   3    2.609
       218    490.173    858.282      -115.49     9.82   3    1.556
       219     17.053    857.335     -156.925    14.61  19    1.622
       220     10.946    864.164      146.543     9.14  19    2.658
       221      3.896    857.762     -950.026     9.81  19    2.253
       222      8.665    849.662     -475.106    13.20  19    1.475
       223    771.173    860.056       648.24     5.56   0    1.557
       224    401.644    859.586      1444.77     6.57   3    1.703
       225    402.279    853.922      1290.57     9.87   3    2.661
       226    407.018    849.011      1529.49     8.01   3    1.551
       227     40.001    856.572      630.852     6.72   0    1.292
       228    839.456    849.536      748.647     7.67   3    1.697
       229    834.860    854.165      908.116     6.64   3    2.029
       230    834.232    849.740      114.929     6.15   3    1.422
       231   1034.962    847.598      1150.45     6.47   0    1.265
       232    620.059    846.837       1298.1     8.48   0    1.493
       233    556.757    846.441      147.277     7.81   0    1.287
       234    850.048    842.000      167.842     5.62   3    1.568
       235    849.333    839.305      564.076     5.75   3    1.258
       236      9.848    838.423      1095.72     8.39   0    1.579
       237    814.253    833.007      1166.42     7.00   0    1.627
       238    706.911    831.972       1031.4    10.06   0    1.658
       239   1136.287    832.275      908.381     6.48   3    1.571
       240   1138.688    830.329      1470.58     5.61   3    1.230
       241    678.800    831.005      187.658     7.47   0    1.556
       242    982.856    830.870     -67.8174     9.03   3    2.257
       243    980.999    826.001       -279.8     9.26   3    1.909
       244    992.689    827.221      595.737    14.52   3    1.996
       245    990.367    821.633      859.705     6.90   3    1.372
       246    984.924    820.428      915.987     9.07   3    1.876
       247   1030.966    829.423      974.157     5.13   0    1.365
       248   1010.351    821.707      1470.96     5.75   3    1.124
       249   1010.475    818.497      636.084     6.00   3    1.122
       250    311.799    814.377       27.271     8.80   3    1.384
       251    306.531    814.157      1017.18     8.74   3    1.967
       252    309.230    809.770      841.666     5.54   3    1.393
       253     61.457    815.119       1064.8     6.65   0    1.274
       254    586.080    814.177      941.213     5.77   0    1.475
       255    708.731    810.808      1689.33    10.79   3    1.761
       256    705.341    807.302      180.275     5.77   3    1.123
       257    851.762    810.784      710.044     6.82   3    1.571
       258    852.363    805.289      2250.82    11.69   2    1.285
       259    931.462    809.342      1174.44     6.97   0    1.699
       260    537.603    809.717      333.426     9.26   3    1.565
       261    532.009    810.003     -6.61785     4.54   3    1.749
       262    530.035    805.027      137.176     5.44   3    1.225
       263    539.043    801.555      828.296    10.61   3    1.564
       264    531.794    799.827      662.213     6.77   3    1.947
       265    758.747    806.215       1092.8     6.99   0    1.175
       266    483.803    804.649      787.925     6.35   3    1.259
       267    483.311    801.324      436.415     5.70   3    1.202
       268    595.945    798.814       1508.9     9.14   0    1.451
       269    221.329    794.021      310.534     5.45   0    1.690
       270   1144.742    789.450      994.238     9.76   3    1.871
       271   1150.508    785.942       2481.7    15.32   3    1.333
       272   1139.261    781.737      467.736    11.37   3    1.630
       273   1144.181    776.835      417.504    10.11   3    1.614
       274    295.428    785.103      508.818     5.68   0    2.080
       275    457.716    783.320      1054.69     8.82   0    1.643
       276    684.239    771.193      46.5286     4.54   0    1.568
       277     85.495    761.294      696.465    11.58   3    1.906
       278     79.862    766.756      106.324     8.31   3    1.595
       279     79.004    760.937     -243.855     9.66   3    1.857
       280    822.825    767.190      424.164     4.79   0    1.585
       281    518.181    767.158       844.24     7.84   3    2.638
       282    521.022    763.709      846.292    14.55   3    2.121
       283    513.314    764.684      851.738     5.11   3    1.539
       284    512.767    759.703      739.543    10.81   3    1.064
       285    536.045    763.063      515.364     8.32   0    1.525
       286    788.370    758.390      1676.01     8.27   0    1.676
       287    189.502    758.471      -126.17     5.64   3    1.671
       288    192.803    756.423      1222.93     8.22   3    1.118
       289    148.091    759.026      873.133     5.52   0    1.731
       290    439.880    750.151      144.682     6.81   3    1.043
       291    439.303    745.045      856.043     5.68   3    1.249
       292    580.355    740.645      468.749    13.86   3    1.649
       293    585.201    743.199      503.529     6.81   3    1.991
       294    588.375    737.975      914.688     8.52   3    1.824
       295    584.064    734.000      529.515     6.97   3    2.028
       296    956.005    740.296      -405.21    11.65   2    1.299
       297    954.000    735.957      457.898     6.71   3    2.640
       298    721.000    740.404      142.026     6.69   3    1.615
       299    715.306    739.391      718.233     8.03   3    1.398
       300    719.124    734.104      968.557     8.71   3    1.150
       301    456.626    739.793      846.801     6.76   0    1.197
       302    421.152    735.992      270.684     8.52   2    1.618
       303    867.998    736.737     -118.748    12.50   3    2.954
       304    873.580    731.774      536.355     7.22   3    1.339
       305    870.665    728.683      894.395     5.23   3    1.508
       306    309.392    724.916      787.967     4.97   0    1.436
       307   1108.869    719.618      294.994     6.22   0    1.902
       308   1071.807    715.377      1064.76     8.48   2    1.820
       309   1068.366    717.006      556.351     6.39   3    1.509
       310    314.806    714.724      2135.34    11.29   3    1.577
       311    315.277    707.286      2176.24    12.73   3    1.457
       312    354.742    711.605      1499.77     7.32   0    1.275
       313   1139.164    709.909      1657.43    11.23   0    1.031
       314    961.852    707.756       1860.9     8.21   0    2.052
       315    452.944    709.477     -891.055    11.03   3    1.902
       316    456.979    705.499       85.512     3.75   3    2.458
       317    454.121    701.540     -686.206    12.57   3    2.437
       318    107.370    705.238      388.147     7.35   3    1.645
       319    101.227    707.189      2043.67     9.82   3    1.425
       320    103.749    702.776      1236.55     6.25   3    1.327
       321    995.500    704.919       742.76     4.79   0    2.604
       322    816.607    703.364      644.886     8.10   0    1.020
       323    607.045    702.314     -424.611    19.23   3    2.295
       324    601.439    697.035      934.352     8.77   3    1.553
       325    605.470    690.467     -508.564     7.31   3    1.700
       326    609.262    688.709     -108.441     9.49   3    2.554
       327    305.440    702.792      585.076     6.40   3    1.721
       328    308.000    698.500      572.788     6.42   3    2.119
       329    302.371    699.322      388.913     8.19   3    1.662
       330    304.999    694.643      518.809     6.45   3    1.165
       331   1077.764    699.821      826.803     5.61   0    2.105
       332     69.885    697.686      836.673     8.48   3    1.579
       333     73.056    702.000      366.163     5.72   3    1.584
       334     75.318    698.480      445.626     9.06   3    1.779
       335   1041.573    697.636      1001.73     6.00   0    1.016
       336    425.632    695.882      349.702     6.94   3    2.398
       337    429.550    693.516      543.011     5.35   3    1.576
       338    431.806    689.836      1007.58    11.68   3    2.036
       339    418.988    691.485      1087.69     7.03   3    1.643
       340    422.355    687.052      1350.18     9.05   3    1.444
       341   1081.500    691.549      1292.14     6.62   3    1.151
       342   1081.790    688.598      643.292     6.32   3    1.610
       343    928.020    691.160      825.825     8.48   0    1.577
       344    630.690    689.604      1026.85     7.51   0    1.650
       345    550.387    689.526      788.071     7.76   0    1.688
       346    538.063    690.067      1372.26     9.79   0    1.247
       347   1092.407    681.684       655.83    10.05   0    1.365
       348   1033.501    680.992      533.448     6.38   3    2.007
       349   1036.973    679.495      994.092     6.44   3    1.277
       350   1138.099    674.421     -858.026    12.76   3    1.486
       351   1145.987    671.008       38.807     7.52   3    1.675
       352   1144.691    678.993      592.329     9.28   3    1.365
       353   1147.689    675.304      681.927     5.13   3    1.767
       354    744.809    677.693      874.922     8.20   0    1.535
       355    106.337    675.411       957.52     8.25   0    1.588
       356    921.751    675.489      856.459     7.12   3    2.405
       357    924.263    672.458      1191.22     8.33   3    1.652
       358    434.808    673.446      1998.08     9.39   2    1.451
       359    431.382    675.230      1570.59     6.25   3    1.396
       360    495.472    669.013      1531.84     9.22   0    1.335
       361    855.415    667.544       1045.9     7.97   0    1.847
       362    374.501    660.551      565.688     7.55   0    1.091
       363    426.322    660.672      451.504     6.12   3    1.159
       364    426.322    657.307      819.437     7.51   2    1.905
       365    893.988    656.537      1156.33     6.94   0    1.277
       366    337.380    657.874      716.051     6.07   0    1.713
       367    117.717    653.448      908.443     7.06   0    1.697
       368    676.258    647.638      1510.48    10.43   3    1.770
       369    674.031    653.266      91.7958     6.82   3    1.057
       370    671.149    649.678      323.597     7.77   3    1.919
       371   1064.873    652.867      663.084     5.62   0    1.502
       372    994.176    652.150      1008.42    11.49   3    1.574
       373    991.494    645.475      2104.81    11.74   3    1.343
       374   1001.453    646.747       1595.1     9.84   3    1.674
       375    997.746    642.836      1292.53     7.41   3    1.945
       376    511.723    650.241       675.03     7.41   0    1.487
       377    447.644    651.254      370.356     6.28   0    1.593
       378    184.719    650.943      969.621     6.74   0    1.258
       379   1142.137    649.128      1122.16     6.77   0    1.234
       380    544.510    648.900      559.019     4.76   0    2.570
       381    394.073    648.409      552.951     6.25   0    1.735
       382   1157.083    645.771      819.277     5.25   0    1.655
       383    435.481    641.975      856.346     8.62   0    1.481
       384    794.992    640.480       812.02     4.81   0    2.625
       385    303.727    633.968      479.259     4.77   0    1.645
       386   1026.008    631.635      734.655     8.07   0    1.486
       387    138.692    632.692      -380.06     7.19   3    1.385
       388    133.355    630.478      1129.45     7.21   3    1.666
       389    137.322    626.659      280.177     6.43   3    2.886
       390      5.623    620.146      435.736     5.09   0    2.005
       391    110.568    606.910      647.608    13.21   3    1.296
       392    113.669    614.709      915.435     8.91   3    2.281
       393    115.750    611.990      856.717     5.35   3    1.084
       394   1100.707    610.696      516.701     6.94   0    1.109
       395    726.502    607.520     -73.3159     7.46   3    1.521
       396    725.716    604.229      627.665     7.30   3    2.220
       397    797.072    603.793       1276.7     8.92   0    1.544
       398   1005.722    603.792      1403.66     6.84   0    1.681
       399    407.696    602.331       797.17     7.62   3    3.760
       400    408.623    598.434      205.766     7.82   3    1.820
       401    583.112    593.138      3475.25    12.12   3    7.599
       402    595.335    581.141      3418.25    12.85   3    8.350
       403    583.134    570.169      2756.03    11.97   3    7.548
       404    578.286    581.232      1179.27     5.85   3    3.339
       405    566.823    584.305      1031.49     6.40   3    2.334
       406    570.991    574.811      3872.95    20.19   3    2.100
       407     39.825    594.728      1475.86     9.43   0    1.137
       408   1146.432    594.233      1701.01     7.27   0    1.105
       409    705.647    593.590       1386.1     6.20   3    1.306
       410    702.310    592.287      588.147     4.80   3    1.514
       411    705.395    588.260      1258.75     8.16   3    1.926
       412    109.255    593.221      859.236     6.88   3    1.572
       413    112.245    590.105      1092.36    10.44   2    1.670
       414    836.182    591.801      1143.99     8.42   0    1.539
       415   1078.332    588.278       1991.5     8.79   3    1.701
       416   1082.710    585.602      1039.92    10.92   3    1.342
       417   1136.587    585.337      1052.03     9.38   0    1.319
       418    653.195    583.140      702.966     5.62   0    1.569
       419    338.385    580.244     -818.022     7.39   3    1.162
       420    337.347    574.991      261.744     9.81   3    1.925
       421    343.781    579.367      817.518     8.34   3    1.640
       422    343.000    574.955       693.39     5.22   3    1.423
       423     43.052    576.696      1421.23     9.68   0    1.075
       424    301.556    576.087      713.297     5.12   0    2.448
       425    111.636    573.936      1245.92    10.00   3    1.239
       426    115.999    569.871       1767.3    10.55   3    1.202
       427    787.848    573.364      490.069     6.65   0    1.284
       428    542.045    569.974      399.723     5.96   0    1.315
       429    407.340    568.041      1209.97     7.69   0    2.044
       430    749.391    565.561      919.735     8.74   3    1.671
       431    752.351    563.688      745.367     4.94   3    1.526
       432    751.999    560.006      164.647     4.49   3    1.045
       433    536.252    562.162      283.861     7.49   0    1.593
       434    643.631    562.198      1524.31     8.48   0    1.640
       435    545.312    561.036      93.1417     7.05   0    1.613
       436     12.493    561.705       451.45     4.55   0    2.367
       437   1077.864    560.872      356.778     6.77   3    1.195
       438   1078.213    555.675      1263.77     7.76   3    1.381
       439    109.542    560.004      164.588     9.84   3    1.735
       440    108.258    553.999     -39.5003     9.29   3    1.589
       441    150.107    546.179       874.34     8.37   0    1.774
       442    788.661    543.283      127.335     4.35   3    1.222
       443    784.846    542.361      517.156     7.06   3    2.543
       444    787.583    537.660      1326.77     5.60   3    1.390
       445    966.899    541.852      754.189     5.97   0    1.567
       446    495.312    533.676      209.023     6.14   3    1.462
       447    492.991    530.468      902.178    12.07   2    1.629
       448     27.609    524.440      2702.65    11.91   0    1.470
       449    700.905    523.405      742.787     7.26   3    1.872
       450    697.212    523.955       746.18     8.00   3    1.816
       451    604.413    524.488      542.898     7.10   0    1.594
       452    746.871    519.617      210.639     6.20   0    1.673
       453    862.874    509.525      1311.64     7.97   3    1.965
       454    858.247    506.759      48.0379    10.44   3    1.152
       455    845.443    507.998      352.805     8.90   2    2.410
       456    845.681    504.653     -294.813     5.68   3    1.497
       457    962.492    506.015      981.403    10.02   3    2.577
       458    960.858    500.278      2544.69    11.48   3    1.356
       459   1032.843    504.210      1413.74     7.31   0    1.094
       460    248.468    502.890      603.814     7.06   0    1.675
       461    889.285    503.165      870.335     5.51   0    1.882
       462    359.119    499.107      1408.12     8.83   0    1.522
       463    811.044    499.006      824.277     8.32   0    1.538
       464    134.074    495.348      833.759     5.05   0    1.371
       465   1153.221    492.140      259.519     5.51   0    1.694
       466    220.345    482.115      1906.83    14.80   3    1.960
       467    218.135    491.899      330.134     6.35   3    1.744
       468    223.785    487.257      751.006    10.61   3    2.370
       469    818.341    482.397     -414.664    13.65   3    1.322
       470    819.890    490.125       319.62     4.50   3    1.341
       471    814.252    490.237     -349.222     5.76   3    1.286
       472   1056.411    488.178       1255.5     6.89   0    1.300
       473    930.319    488.474      504.096     6.35   0    1.689
       474    899.041    481.061      3545.89    16.88   2    1.580
       475    905.864    478.516      1036.85     9.66   3    2.219
       476    331.607    480.027      451.623     8.49   2    1.671
       477    327.665    479.719      347.083     4.88   3    1.578
       478    912.926    479.089      3049.48    11.32   1    1.089
       479    533.138    480.275      572.159     6.73   3    1.226
       480    533.687    473.292      1689.99    11.66   3    1.966
       481    529.712    475.477      686.429     7.37   3    2.488
       482    206.866    478.691      1142.83     7.40   0    1.147
       483    306.173    478.631       682.46     8.96   3    2.226
       484    301.004    473.159      378.618     4.40   3    1.968
       485    310.637    471.828       1318.5    12.40   3    1.110
       486    303.014    469.006     -103.635     4.28   3    1.379
       487    399.999    472.632      370.468     8.99   0    1.064
       488    519.656    469.503      706.357     5.46   0    1.696
       489    895.147    467.137      882.344     7.98   1    2.216
       490   1081.379    463.801      1020.29     9.19   0    1.259
       491    758.713    465.744      1819.85    10.89   3    1.213
       492    762.712    461.463      1261.16     8.97   3    1.633
       493    759.659    457.693      316.659     8.27   3    2.955
       494    329.790    460.178     -1021.98     8.91   3    1.648
       495    332.587    463.689      955.511     8.26   3    2.101
       496    327.320    465.695     -292.507     6.49   3    1.332
       497   1101.628    461.459      2085.72    10.69   0    1.097
       498    604.994    457.126      667.589     9.31   3    1.584
       499    601.307    456.654      142.215     6.84   3    1.552
       500    332.005    449.668      151.934     5.62   3    1.058
       501    326.438    451.926      700.057    11.38   3    1.126
       502    705.371    449.409      401.673     7.71   0    1.760
       503   1083.367    449.927      1194.85     6.72   0    1.296
       504    875.451    450.003      533.375     4.59   0    2.412
       505    262.035    450.231      563.142     5.56   0    1.565
       506    908.529    437.943      648.237    11.44   3    1.165
       507    912.218    445.276      177.545     8.33   3    1.881
       508    907.826    448.147      691.515     8.42   3    1.672
       509    903.735    445.143      1391.14     9.48   3    1.639
       510    482.037    441.631      2844.02    12.27   0    1.362
       511    885.235    437.891      1247.36    10.71   2    1.433
       512    886.358    432.756      660.949     6.39   3    1.427
       513    973.604    426.808      700.652     4.98   0    2.134
       514    189.909    427.045      2194.26     7.62   1    1.033
       515    179.767    426.009      200.222     5.80   3    2.246
       516    183.810    422.797      1164.72     6.90   3    1.104
       517    180.330    420.296      779.783     5.64   3    1.262
       518   1021.373    423.614      1312.45     6.65   0    1.272
       519    532.645    415.076      2239.34    10.52   2    1.211
       520    692.327    412.304      962.939     6.48   0    1.537
       521    335.481    405.149      474.527     4.78   0    2.593
       522    373.600    402.798      2165.08     9.21   0    1.359
       523   1107.095    402.632      1237.23     6.74   0    1.441
       524    987.250    403.945      669.684     6.49   0    1.935
       525    787.282    401.434     -729.723     7.73   3    1.825
       526    789.687    394.119      1153.28    14.63   3    1.423
       527   1018.581    392.602     -188.024     7.08   3    1.146
       528   1020.745    387.888      917.369     9.62   3    1.410
       529    873.284    388.610      1081.22     8.66   3    2.432
       530    874.341    381.079      5075.62    20.81   2    1.328
       531    576.724    389.075      757.094     6.16   0    1.435
       532    798.087    386.238      1430.11    10.23   3    1.110
       533    803.264    384.272      165.512     6.22   3    1.512
       534    800.511    381.483      663.758     5.45   3    1.112
       535    674.026    379.000      441.496     6.57   3    2.679
       536    673.485    375.468     -52.4684     7.21   3    1.660
       537    558.308    373.516      1284.57     8.05   0    1.314
       538   1009.032    373.113      1521.06    10.25   2    1.420
       539   1007.769    368.625      924.111     5.74   3    1.173
       540    950.537    371.284      742.212     6.74   0    1.063
       541    833.827    371.134      869.653     5.53   0    1.740
       542    733.832    359.769      469.941    11.07   3    2.315
       543    738.782    363.785      461.158     6.11   3    1.927
       544    739.980    369.746       978.94     4.82   3    1.022
       545    742.449    366.503      749.316     5.31   3    1.228
       546     75.982    369.289      845.152     5.56   3    1.770
       547     78.147    364.599      2707.16    11.75   2    1.407
       548     30.940    367.392      673.619     7.45   1    1.831
       549     21.995    366.989     -884.925     5.97   3    1.857
       550     21.131    359.415      929.505    15.31   3    1.115
       551     15.834    368.308       19.032     8.91   3    1.659
       552     12.745    363.218      153.838     5.86   3    1.709
       553    488.487    360.524       1156.2     6.28   0    1.071
       554   1136.673    355.469      1267.35     9.24   3    1.181
       555   1139.664    352.303      823.228     6.23   3    1.674
       556    497.713    351.304      749.948     5.23   0    2.004
       557    414.582    349.244      734.813     7.71   0    1.630
       558    112.230    341.994      390.125     5.02   3    1.249
       559    115.777    338.554      2016.98    13.20   2    1.305
       560    516.530    341.376      1185.88     7.16   0    1.384
       561    781.703    339.450      1130.02     6.70   0    1.021
       562    695.800    339.519      724.077     6.15   0    1.675
       563   1154.464    338.119      410.814     4.73   0    2.555
       564   1114.096    332.624      196.494     7.03   0    1.234
       565    388.833    332.521      1107.16     6.79   0    1.270
       566    188.041    331.466      1104.03     7.15   3    2.712
       567    191.241    327.003      1400.14    11.22   3    1.036
       568    480.513    328.005     -73.7725     4.67   0    2.480
       569    756.849    324.660      493.427     9.04   0    1.143
       570    185.495    321.526      1148.67     4.91   3    2.729
       571    656.647    304.460     -1093.71    16.32   3    1.452
       572    662.620    314.417      -665.17    15.54   3    1.644
       573    653.586    320.282      815.076     8.96   3    1.274
       574    648.495    314.947     -118.357     9.63   3    1.980
       575    806.421    314.869      462.504     5.79   0    1.845
       576    372.685    314.658      829.977     8.11   3    2.847
       577    369.011    313.037      1355.67     9.54   3    1.584
       578    600.604    312.792     -338.239    11.58   3    1.509
       579    599.892    306.571      338.325     9.25   3    1.453
       580    698.518    310.044     -114.559     4.71   0    2.521
       581     64.542    310.495      37.1853     4.73   3    1.604
       582     68.613    307.470      390.785     8.16   3    1.558
       583     60.694    306.215      1035.58    11.77   3    1.667
       584     67.699    299.996     -105.351     5.34   3    1.483
       585     62.723    300.393      170.474     6.31   3    1.293
       586     31.940    305.508      279.191     6.80   3    1.618
       587     36.208    307.154      293.305     7.95   3    1.946
       588     36.694    302.322     -49.5935     6.72   3    1.347
       589    848.643    303.671      580.654     4.70   0    1.756
       590    951.455    296.440      1115.27     8.05   0    1.959
       591    694.440    297.379      605.305     8.78   3    1.598
       592    686.979    293.693     -181.801     8.11   3    2.060
       593    692.804    289.784     -967.888    11.86   3    1.337
       594    838.501    295.993      239.505     5.49   3    1.489
       595    839.606    290.704      1076.58    11.23   2    1.088
       596    507.441    286.986      895.447     7.39   0    1.938
       597    271.690    283.413      921.137     9.42   3    1.322
       598    268.300    288.683      523.066     8.13   3    1.827
       599    267.234    282.999      256.832     6.71   3    1.876
       600    437.820    287.644      1203.13     9.29   3    1.312
       601    433.421    283.945      1341.56    11.45   3    2.109
       602    444.013    284.653       413.65     8.88   3    1.911
       603    441.082    275.669      1708.43    12.14   3    1.228
       604    733.609    285.179      633.137     6.57   0    1.238
       605    258.957    283.000      411.678     6.56   3    1.510
       606    261.670    279.502      689.339     9.71   3    2.096
       607    878.221    275.993      4096.75    13.51   3    1.443
       608    871.296    273.008      976.144     6.38   3    1.206
       609    874.987    269.730      1234.76     7.96   3    2.401
       610    340.244    277.997      463.332     5.48   0    1.560
       611   1049.884    277.808      687.175     5.64   0    1.544
       612    524.010    274.754      337.573     8.33   0    1.920
       613    200.728    273.936      436.529     6.32   0    1.545
       614    673.321    269.121      74.0582    11.37   1    1.418
       615    652.643    271.047      932.708     6.58   0    1.254
       616   1143.313    270.495      1045.43     6.31   0    1.826
       617    664.724    261.780      651.936    13.94   3    1.610
       618    660.927    253.722      1308.22    16.93   3    1.232
       619    410.425    260.560      834.353     8.63   0    1.711
       620    348.922    260.984      1393.96     9.69   0    1.077
       621    830.990    256.508     -300.263     8.42   2    2.243
       622    830.345    253.295      584.687     5.38   3    1.284
       623    175.271    255.173      1911.25     7.74   0    1.102
       624   1080.837    250.198       396.74     6.87   3    2.214
       625   1077.227    249.057      1035.71     8.26   2    1.727
       626     16.804    246.749      396.177     7.27   0    1.176
       627   1015.363    242.900      334.537     8.26   0    1.029
       628    174.648    244.409      106.148     7.05   0    1.695
       629    823.724    242.510      803.096     7.73   0    2.049
       630    554.794    241.568      623.596     5.15   0    2.391
       631    630.270    235.515      2375.54    10.60   2    1.326
       632    914.281    228.250      1324.76     9.32   0    1.391
       633    129.852    227.580      1206.37    10.09   0    1.194
       634    782.234    228.112      596.337     5.59   0    1.574
       635   1145.576    226.057      429.185     6.35   0    1.853
       636    690.731    223.489      653.218     7.02   0    1.337
       637    551.952    218.643      981.998    10.48   3    1.327
       638    546.998    224.449      756.756     8.17   3    1.173
       639    543.631    220.511      420.569    10.85   3    2.522
       640    162.506    222.942      340.945     4.77   0    2.578
       641   1137.847    221.838        812.5     5.65   0    1.558
       642    866.221    221.118      1116.84     7.30   3    1.195
       643    867.853    216.238      154.999    10.39   2    1.417
       644    584.257    217.300     -1122.77    11.38   3    2.780
       645    588.709    221.139      1158.82     9.33   3    1.371
       646    591.507    216.537      471.076     5.67   3    1.682
       647   1039.668    211.301      270.394     5.63   3    2.677
       648   1042.330    206.706      701.658     4.74   3    1.226
       649   1038.678    205.151      528.365     8.37   3    1.299
       650    399.715    210.025      1134.12     7.25   0    1.104
       651    308.521    201.525       752.09     5.47   3    1.194
       652    307.829    197.998      1111.93     7.12   2    1.202
       653    942.444    192.496      852.498     7.95   3    1.599
       654    938.509    192.465      835.628     8.29   3    1.560
       655    737.304    191.570      1561.33     7.28   3    2.123
       656    740.030    189.690      887.977     6.81   3    1.044
       657   1153.507    191.280      742.267     7.80   0    1.937
       658   1051.258    187.074       771.35     7.46   0    1.823
       659    671.348    186.435      1054.62    10.80   0    1.468
       660    207.683    177.290      493.486     6.82   3    1.178
       661    208.719    184.910      1590.01    11.55   3    1.646
       662    211.825    180.221      731.139     7.29   3    1.696
       663    941.777    183.749      647.862     4.85   0    1.612
       664    370.310    183.129      407.006     4.61   0    1.612
       665   1108.452    178.930      1474.87    11.33   0    1.333
       666    298.196    183.107      956.485     5.39   0    1.956
       667    123.588    181.881      189.471     5.46   3    1.500
       668    117.843    182.213      130.581     5.43   3    1.516
       669    125.361    178.082      810.767     5.29   3    2.043
       670    117.644    177.297     -63.2819     6.11   3    1.563
       671    121.379    174.176      538.474     9.05   3    1.369
       672    765.117    174.795      57.7567     9.56   3    1.169
       673    760.396    171.852      767.126     9.10   3    2.114
       674    764.606    167.184      437.382     6.32   3    1.585
       675    490.090    168.398      1136.59     6.67   0    1.380
       676    537.300    164.284      447.403     4.75   0    1.688
       677   1061.909    163.346      1004.47     5.42   0    1.410
       678    351.910    161.487       450.89     4.79   0    2.604
       679    776.642    155.231      967.347     6.52   0    1.606
       680    359.224   1144.947      1273.69    10.65   2    1.095
       681    592.630   1138.968      219.883     7.89   0    1.532
       682    359.373   1140.216      746.303     4.36   3    1.615
       683    700.000   1141.539     -67.7536     6.80   3    2.148
       684    221.774   1146.738      569.621     5.89   3    1.615
       685    322.175   1137.528      1839.07     8.51   2    1.550
       686    470.188   1127.854      1865.89     8.55   0    1.542
       687    217.992   1146.989      1300.61     9.23   2    2.028
       688    623.339   1134.431      476.542     6.17   0    1.730
       689   1005.254   1139.191      2378.17    17.51   3    1.475
       690    696.437   1141.824      1093.73     8.06   3    1.806
       691   1002.522   1129.824      26.5207    16.03   3    1.714
       692    430.319   1135.226      487.796     8.85   3    1.954
       693    298.253   1140.763       4595.6    15.87   0    1.136
       694   1082.110   1138.543      684.889     4.93   0    1.427
       695    577.181   1137.003      767.965     7.31   3    1.276
       696     35.042   1076.666      496.846     7.51   3    1.987
       697    586.981   1092.055      920.193     8.28   0    1.596
       698    311.544   1105.853      2159.72     9.63   0    1.310
       699    808.268   1100.247      901.405    11.37   2    1.606
       700     95.137   1108.588      375.721    11.28   3    1.467
       701    901.488   1079.515      232.941     5.76   3    1.387
       702    577.372   1131.383      1379.59     8.28   3    1.794
       703    584.480   1122.068      118.199     5.96   0    1.757
       704    555.418   1118.027      1181.11     7.10   0    1.166
       705     30.006   1082.447      1251.68     7.37   3    1.318
       706    998.706   1119.158      351.081     6.04   0    1.670
       707    384.803   1114.520       976.25     8.36   0    1.575
       708    985.134   1113.815      867.269     6.64   0    1.880
       709    934.747   1123.606      917.852     6.38   3    1.272
       710   1092.914   1107.527      2400.88    11.69   0    1.156
       711     30.538   1074.000      -119.43     6.64   3    1.797
       712    348.571   1100.721      1155.27     8.41   3    2.182
       713    346.020   1097.000      366.856     5.96   3    1.767
       714   1072.546   1105.782      587.375     5.22   0    1.874
       715    500.588   1097.242      966.239    12.88   2    2.090
       716    505.993   1100.004     -610.585     7.66   3    1.223
       717    101.031   1108.012      90.9897     5.83   3    1.300
       718    444.143   1066.327      691.274     7.77   3    1.300
       719    894.687   1075.291      651.744     4.89   3    1.586
       720    252.193   1091.090      354.381     5.53   0    1.576
       721    895.788   1081.203      1279.17    15.23   2    1.129
       722    807.513   1107.026      498.022     5.82   3    1.128
       723    342.977   1100.505       509.52     6.03   3    1.275
       724    440.480   1072.233       4033.6    18.06   3    1.740
       725    438.807   1061.646      94.3622     7.70   3    1.241
       726   1000.438   1084.249      1025.88     6.64   0    1.272
       727    443.964   1083.462      1033.89    14.74   3    1.430
       728    533.715   1089.031      813.509     5.17   3    1.195
       729    530.331   1084.867      778.843     7.68   3    1.636
       730    433.928   1067.016      634.603     6.48   3    1.340
       731    535.928   1083.579      982.917     6.65   3    1.264
       732    451.178   1076.772      669.203    12.68   3    1.875
       733    202.365   1085.954      550.924     5.09   0    1.898
       734    810.203   1084.982      1352.41    10.02   0    2.226
       735    334.748   1071.729      1678.56    11.23   2    1.946
       736    335.335   1077.846       200.14     6.56   3    1.877
       737    334.438    976.954      534.433     6.66   0    1.095
       738    918.174   1062.208      239.728     5.36   3    1.510
       739    485.246   1061.688      2001.62    10.03   0    1.134
       740    482.323    976.833      813.714     5.42   0    2.201
       741    526.905    989.658      259.051     5.98   0    1.743
       742     15.027    991.495      875.035     6.74   3    1.180
       743    912.816   1063.834      1744.81    12.84   2    1.315
       744    206.531    981.574      1014.22     6.38   0    1.182
       745      9.599    993.015       1981.4    10.20  18    1.448
       746    971.381    988.544      3532.95    20.50   2    1.395
       747    962.107    988.835      1503.44    14.07   3    1.359
       748    947.057   1046.039      903.948     5.51   0    1.748
       749    315.640   1028.272      365.825     8.37   3    2.096
       750    871.615   1032.378      494.971     9.52   2    2.420
       751    149.000    993.988      764.978     7.38   3    2.280
       752    151.733    989.561      1379.87    10.41   3    1.839
       753    827.949    994.202      910.727     6.83   0    1.796
       754    320.308   1024.000     -180.425     9.05   3    1.387
       755    430.320   1045.333      1753.47     7.91   0    1.854
       756    868.443   1028.068      185.598     8.75   3    1.486
       757    152.496    997.484     -1264.96     9.97   3    1.946
       758     30.817   1033.916      1418.64     8.53   0    1.334
       759    320.104   1031.315      291.897     9.65   3    1.849
       760    371.957   1021.521     -25.5887     7.06   0    1.627
       761    128.037   1025.947      543.236     8.08   0    1.619
       762    686.448   1024.378      936.715     7.16   3    1.668
       763    358.275    998.019      362.303     5.49   3    1.324
       764    357.471    992.469     -210.736     6.38   3    1.150
       765    686.802   1019.709     -144.885     7.14   3    2.572
       766    262.777   1015.805      5.10683     5.65   0    1.756
       767    903.195   1021.432      1132.22     6.66   0    1.292
       768    145.995   1010.988     -141.656     4.29   3    1.161
       769    151.556   1008.795      836.013     8.38   3    1.810
       770    146.448   1003.702      706.042    12.60   3    1.127
       771    594.717   1007.834      800.497     7.45   3    1.750
       772    590.810   1006.396       522.32     6.76   3    1.010
       773    328.014    999.320      507.227     6.84   3    1.337
       774    320.419   1003.110      2068.18    13.27   3    1.490
       775    326.665   1007.301      891.049     5.46   3    1.763
       776    328.533   1004.495      555.722     4.85   3    1.230
       777    296.959   1004.525       696.96     6.32   3    1.250
       778    298.866   1001.183      1477.62     8.56   2    1.948
       779    519.149   1001.328      928.534     8.72   2    2.009
       780    515.477   1001.513      819.312     6.59   3    1.513
       781    680.986    997.103      1680.46    11.38   0    1.505
