#   1 NUMBER          Running object number
#   2 X_IMAGE         Object position along x                         [pixel]
#   3 Y_IMAGE         Object position along y                         [pixel]
#   4 FLUX_AUTO       Flux within a Kron-like elliptical aperture     [count]
#   5 FWHM_IMAGE      FWHM assuming a gaussian core                   [pixel]
#   6 FLAGS           Extraction flags
#   7 ELONGATION      A_IMAGE/B_IMAGE
         1    561.777      6.102      2048.71     9.33  19    1.222
         2    569.116      3.471      2897.96     8.91  27    1.754
         3    573.047      2.633      1544.86     6.90  27    1.708
         4    295.936     20.137      1979.93     7.89   0    1.030
         5    617.845     43.597      5556.05    22.63   2    1.111
         6    709.584     46.585      1275.52     6.06   0    1.032
         7   1059.092     60.593      3381.59    11.57   2    1.125
         8    617.263     52.542      1196.12     8.39   3    1.577
         9    445.916     65.773      1641.24     9.61   3    1.740
        10    449.205     69.353      2424.05    10.37   3    2.044
        11    197.446     74.164      1922.27     7.72   2    1.230
        12    866.554     85.076      1544.09    10.39   0    1.067
        13    197.288     80.019      1511.28     5.27   3    1.191
        14   1011.237    123.206      768.694     5.63   0    1.615
        15    459.433    143.351      1057.52     5.99   0    1.013
        16    268.543    162.831      3288.43    11.59   0    1.471
        17     14.649   1002.958      1892.21     9.11   3    1.992
        18    571.500   1160.000      2975.93    12.50  19    1.093
        19    564.500   1160.000       3534.7    13.66  19    1.155
        20    438.526   1162.521      1229.38     6.12  24    1.021
        21    316.116   1100.342      1605.81     7.04   0    1.210
        22   1049.630   1092.802       1416.4     7.24   0    1.296
        23    215.844   1075.000      1178.34     8.08   3    2.112
        24    430.999    904.415      4015.93    12.80   3    1.401
        25    525.517    900.517      1027.03     8.22   3    2.523
        26    522.297    900.660      1345.34     6.52   3    1.381
        27    995.001    882.027      2190.39    12.48   3    1.924
        28    999.153    877.979      341.504     8.20   3    1.888
        29   1000.526    884.523      1031.92     7.54   3    1.157
        30   1003.439    881.501      535.297     5.58   3    1.305
        31     84.273    878.994      1001.66    11.34   3    1.526
        32     79.316    875.455      1660.36     8.46   3    1.356
        33     82.244    871.388      2284.26     8.92   3    2.101
        34    652.618    869.463      1997.37    10.19   3    1.021
        35    655.015    874.934      1529.21     7.61   3    1.212
        36    658.285    871.639       833.97     5.41   3    1.329
        37    403.336    871.673      682.247     6.74   3    1.246
        38    398.301    871.657       1259.1     7.84   3    2.910
        39    400.505    868.476       1158.7     6.68   3    1.222
        40    699.775    858.015      745.564    12.72   2    2.982
        41    698.000    854.463      951.834     7.25   3    2.010
        42   1162.079    854.114      1516.52     7.62  16    1.721
        43   1090.506    816.687      1256.49     6.96   3    2.016
        44   1090.475    812.464      987.383     9.19   3    1.088
        45    325.860    773.476       4885.7    19.18   2    1.185
        46    322.685    766.742       1197.1     7.63   3    1.934
        47    767.972    756.216      1757.72     8.19   3    2.267
        48    770.639    754.789      1057.41     6.72   3    1.505
        49    236.899    744.446      1039.08     5.08   0    2.400
        50    534.047    707.000     -182.223     8.84   3    1.610
        51    534.004    715.000      1315.36     9.13   3    1.577
        52    538.000    711.034      792.034     9.00   3    1.403
        53    530.000    711.032      733.627     9.09   3    1.477
        54    444.290    700.001      1342.73    14.22   3    2.963
        55    439.375    709.315      3473.34    16.03   3    1.298
        56    447.391    705.261      1675.87     9.63   3    1.172
        57      4.650    701.521      1397.02     6.58  16    1.433
        58    100.247    685.003      802.115     4.01   3    1.219
        59     96.739    686.772      1163.17     6.66   3    1.327
        60     96.727    683.233      1097.11     6.08   3    1.325
        61    996.627    683.741      2301.34     9.34   0    2.354
        62   1149.704    681.436      408.257     7.68   0    1.114
        63      4.179    679.225       1960.5     7.66  24    1.420
        64    878.014    667.135      968.234     5.91   0    1.779
        65    107.948    663.363      2441.93     8.92   0    1.482
        66      7.890    616.811      1900.34     8.01  16    1.364
        67   1079.799    614.326      1519.96     8.07   0    2.029
        68    583.251    593.819      3309.23    12.52   1    7.093
        69    553.998    602.000      2450.19    14.57   3    2.465
        70    549.854    598.318       3311.9    15.22   3    2.704
        71   1160.728    598.763      1005.49     7.83   3    1.605
        72   1163.623    595.791       1237.5     8.38  19    1.520
        73   1057.659    581.008      2120.38    12.21   0    1.249
        74    595.476    581.251      2737.43    12.51   1    6.840
        75    570.901    581.247      2718.69    12.14   1    6.804
        76    583.273    568.865      3282.05    12.43   1    6.847
        77    479.143    574.658      1246.03     6.24   3    1.227
        78    482.525    571.490       869.08     5.83   3    1.034
        79    479.436    569.185       1013.6     6.65   3    1.266
        80    339.634    572.926      2528.56    10.57   0    1.034
        81   1142.843    570.058      1580.69     7.76   0    1.023
        82    626.757    533.630      944.772     9.23   3    1.438
        83    621.686    531.659       1118.2     9.59   3    2.319
        84    620.591    542.239      4294.55    18.84   3    1.100
        85    629.708    539.074      748.443     8.26   3    1.458
        86    447.520    510.610      1254.38     6.06   0    1.016
        87    599.942    506.487      586.207     4.77   0    2.578
        88    144.432    496.437      1697.93     9.45   0    1.261
        89   1035.293    494.946      724.951     5.70   0    1.570
        90   1033.145    477.502      647.259     4.74   0    2.552
        91    712.378    471.683      811.611     4.80   0    1.742
        92    652.063    457.596      24.8285    12.68   3    2.435
        93    661.423    458.538      6010.82    21.43   3    1.623
        94    655.933    449.295      607.959     6.87   3    1.253
        95    561.415    456.583      1967.29     7.76   0    1.638
        96    114.487    428.566      898.272     4.50   0    1.801
        97    188.031    426.286      625.513     6.19   0    1.837
        98    669.410    411.902      1073.97     6.53   0    1.251
        99    603.551    406.796      1665.06     9.91   3    1.760
       100    604.898    398.760      1629.69    10.91   3    1.485
       101    597.838    395.419      1388.54    15.54   3    1.991
       102    598.308    409.014      1144.55     5.86   3    1.602
       103    593.680    406.792      2457.87     9.98   3    1.638
       104    731.110    361.189      1162.31     5.58   2    1.636
       105    126.038    361.779      3231.97    11.74   0    1.013
       106   1036.611    354.043      1507.59     8.59   0    1.025
       107    371.696    299.687      951.074     5.67   3    1.199
       108    367.308    298.770      814.111     8.41   3    1.167
       109    370.262    294.814      859.131     7.39   3    1.768
       110    172.602    288.393      2924.35    11.17   0    1.462
       111    423.017    287.511      1199.31     5.23   0    1.368
       112      3.192    274.429       2742.3    11.98  24    1.412
       113    840.007    275.038      2245.16     7.32   0    1.056
       114    370.800    269.851      1004.47     7.24   3    1.700
       115    368.299    268.332      1488.57     5.84   3    1.280
       116    465.586    236.000      1277.86     6.85   0    1.277
       117    181.906    224.644      3289.63    12.57   3    1.425
       118    192.865    226.201      3293.51    14.76   3    1.408
       119    188.486    217.984      987.261    11.44   3    1.395
       120    697.834    169.458      2186.71    10.59   0    1.304
       121    679.999   1101.632      1540.52     8.71   0    1.497
       122    533.000   1122.000      670.481     6.41   0    1.732
       123    949.056   1129.751      723.222     6.34   0    1.868
       124    215.758   1080.547       1325.8    10.48   3    1.392
       125    210.848   1077.423      1299.26     5.53   3    1.379
       126    426.903    910.027      1789.69    11.19   3    2.045
       127    473.894   1035.660      2469.38     9.04   0    1.468
       128    312.918   1043.341      1177.29     6.94   0    1.322
       129    633.766   1041.341       8021.4    30.88   3    1.873
       130    640.447   1025.972      6925.94    34.52   3    1.605
       131    777.370    992.890      971.143     9.62   0    1.334
       132    368.139   1052.943      2011.22     7.58   0    1.136
       133     17.621    998.391      895.916    11.22   3    1.213
       134     79.008   1015.085        901.1    12.88   3    1.293
       135     77.887   1008.313      234.528    10.30   3    1.585
