#   1 NUMBER          Running object number
#   2 X_IMAGE         Object position along x                         [pixel]
#   3 Y_IMAGE         Object position along y                         [pixel]
#   4 FLUX_AUTO       Flux within a Kron-like elliptical aperture     [count]
#   5 FWHM_IMAGE      FWHM assuming a gaussian core                   [pixel]
#   6 FLAGS           Extraction flags
#   7 ELONGATION      A_IMAGE/B_IMAGE
         1    152.610     18.915      500.743     2.39   0    1.336
         2    407.444    523.532     -633.849     9.14  18    2.269
         3    411.990    518.751     -200.915    10.82  18    2.496
         4    430.829    501.602      1127.45     3.66   0    1.128
         5    511.761    489.901      908.969     3.93  24    1.321
         6     44.200    479.086     -93.5959     7.58   2    1.528
         7    261.014    463.455      547.822     2.84   0    1.293
         8    243.009    461.223      1518.47     3.71   0    1.080
         9    139.021    454.313      806.576     4.98   2    2.044
        10    460.698    450.885      987.167     3.21   0    1.096
        11    418.413    438.192      529.211     2.83   0    1.017
        12    245.263    425.536      81.4066    11.48   2    1.595
        13    447.705    415.273      913.939     6.10   0    1.549
        14    261.341    414.851      547.335     2.63   0    1.209
        15    160.353    414.520      651.446     2.63   0    1.019
        16    455.466    407.057      1055.82     3.19   0    1.125
        17    499.046    406.793      752.091     5.49   0    1.335
        18    401.168    404.731      513.599     2.69   0    1.116
        19    385.751    404.379       577.45     2.88   0    1.043
        20     43.735    401.160      1028.14     6.74   2    1.389
        21     89.485    371.401      828.709     7.14   2    1.518
        22    441.472    355.515      550.738     2.48   0    1.043
        23    311.446    344.272      582.868     4.04   0    1.913
        24    207.880    344.490      537.493     2.71   0    1.154
        25    469.412    334.274      867.638     3.67   0    1.027
        26      2.126    320.273      322.555     5.02  24    2.021
        27    320.468    302.806      380.403     4.31   2    2.572
        28    270.390    298.387      2407.89     4.23   0    1.107
        29    437.706    296.093      806.757     3.10   0    1.072
        30    245.543    292.493      417.832     2.45   0    1.032
        31    167.052    290.091      799.815     3.00   0    1.024
        32    283.563    287.690       581.95     2.53   0    1.016
        33    237.601    285.190      318.586     3.98   2    2.316
        34    154.535    286.197      688.783     2.86   0    1.055
        35    297.722    266.467      656.704     2.61   0    1.026
        36     61.000    262.518      640.351     5.26   2    3.153
        37    135.653    259.386      770.874     3.62   0    1.151
        38     50.203    255.509      978.266     4.02   0    1.101
        39    292.290    255.010      437.632     2.50   0    1.178
        40     50.263    248.449      575.322     2.82   0    1.025
        41    277.309    236.497      84.6388     7.75   2    1.500
        42    274.000    240.481      616.543     5.22   3    3.041
        43     98.531    227.350      325.625     7.01   2    2.600
        44    217.119    227.378      239.314     4.90   2    2.041
        45     21.736    220.178      499.053     2.78   0    1.135
        46    294.981    219.354      802.876     2.53   0    1.159
        47    447.438    217.537       462.56     2.55   0    1.025
        48     99.499    200.390      794.208    11.66   3    2.643
        49     98.156    207.755      619.242     7.35   3    2.097
        50     90.853    206.135      211.941     9.90   3    3.106
        51     91.124    199.637       1046.8    10.74   3    3.312
        52    270.916    202.507     -38780.4     7.31   0    1.185
        53    471.822    198.000      581.586     3.85   0    1.109
        54    383.525    179.609     -180.349     6.97   2    2.299
        55    387.780    175.952     -24.4012     8.36   3    2.901
        56    390.867    163.356      498.149     2.96   0    1.345
        57    270.295    146.562      631.402     2.51   0    1.016
        58     69.397    138.344      612.583     2.77   0    1.136
        59    275.274    125.161      624.602     3.13   0    1.359
        60    111.005    116.810      524.711     4.20   0    1.319
        61    489.050    112.176      252.003     6.41   0    1.799
        62    497.803    104.194      461.936     2.55   0    1.039
        63     31.708    101.294      654.925     4.47   0    1.283
        64    344.435     90.000      233.181     4.74   2    2.374
        65     21.536     81.909      246.513     5.57   0    1.167
        66    120.334     81.748      912.526     7.08   2    1.861
        67     57.493     69.428        652.2     2.81   0    1.029
        68    337.055     62.055      753.015     2.75   0    1.014
        69    494.973     58.209      668.689     2.77   0    1.043
        70    182.454     43.352      617.047     3.08   0    1.299
        71    500.593     40.605      754.588     2.69   0    1.094
        72    388.810     40.213      301.048     7.19   2    3.303
        73    389.104     35.553      57.3874     7.14   2    3.240
        74     19.293     40.163       628.89     4.54   0    1.322
        75    278.023     33.854      263.332     4.73   0    1.429
        76    211.359     33.429      542.493     2.47   0    1.119
        77     25.809     29.312      701.981     3.06   0    1.242
        78    367.632     19.728      114.772     5.59   0    1.218
