#   1 NUMBER          Running object number
#   2 X_IMAGE         Object position along x                         [pixel]
#   3 Y_IMAGE         Object position along y                         [pixel]
#   4 FLUX_AUTO       Flux within a Kron-like elliptical aperture     [count]
#   5 FWHM_IMAGE      FWHM assuming a gaussian core                   [pixel]
#   6 FLAGS           Extraction flags
#   7 ELONGATION      A_IMAGE/B_IMAGE
         1    398.216     11.570     -1041.57    14.68  19    1.127
         2    402.232     26.536     -315.698    12.04   3    1.061
         3    391.181     21.109     -340.589    14.08   3    2.231
         4    407.120     19.308     -811.098     9.38   3    1.439
         5    199.691     17.279      849.072    10.38   0    1.149
         6    561.590      6.369      690.327     6.53  18    1.747
         7    573.092      2.478      983.933     6.18  27    1.855
         8    569.487      4.492      1136.45     6.80  19    5.827
         9    568.340      1.299      1011.16     0.98  27    1.191
        10   1145.649      4.845      585.085     9.98  19    3.065
        11   1150.716      2.981       160.42     7.09  19    2.162
        12    378.970      1.902      304.468     7.08  24    2.605
        13    107.314      1.657       379.12     5.46  24    1.506
        14   1038.339     24.126       303.51    14.48   3    1.505
        15   1046.000     28.061     -636.111     8.28   3    2.005
        16   1037.773     29.297      699.705     5.07   3    1.184
        17    211.633     29.905      788.327     6.68   0    1.265
        18   1041.934     32.000      410.627     8.02   3    1.941
        19     57.479     41.538      922.084    10.12   2    1.330
        20    620.522     49.026      502.163    11.82   2    2.181
        21     55.486     38.486      311.964     5.59   3    1.181
        22   1030.484     43.942      518.687     4.78   0    2.593
        23    245.251     56.727      559.574     7.33   3    1.369
        24    404.948     55.011     -444.698     9.77   3    1.164
        25    617.357     52.285       704.74     5.56   3    1.214
        26    409.991     54.997       312.29     5.78   3    2.011
        27    238.326     55.301      490.003     6.33   3    1.332
        28    241.247     52.632      421.135     5.87   3    1.164
        29     83.044     67.954      1372.12    12.11   2    1.610
        30     79.804     61.500      300.567     9.64   3    1.116
        31    408.386     63.005      524.287    12.83   3    1.477
        32    438.923     64.141      181.006    11.49   2    1.534
        33    240.436     60.853      364.265     8.79   3    1.395
        34    434.558     70.868     -862.418    12.15   3    2.565
        35    985.061     65.557      349.733     8.11   0    1.311
        36   1052.716     59.986       232.28     6.19   0    1.927
        37    621.463     70.346      713.659     7.49   2    2.154
        38    686.482     64.983      176.166     4.76   0    2.580
        39    618.371     71.215      928.789     6.33   3    1.401
        40    985.443     82.517      1054.62     7.85   0    1.922
        41    884.594     78.185      804.474     6.93   0    1.291
        42    911.489     78.821      219.246     4.77   0    2.582
        43    807.060     86.932      49.0857     7.38   0    1.945
        44    767.252     76.498      480.626     4.67   0    2.472
        45    838.503     89.297     -87.0565     8.32   3    1.440
        46    231.779     97.826      613.792    10.51   3    1.247
        47   1004.853     84.203      14.9575     7.39   3    1.604
        48    999.902     87.075       752.48     6.72   3    1.247
        49    223.673     96.202      332.425     8.03   3    1.655
        50   1004.490     89.998       591.56     9.44   3    1.422
        51    833.978     91.020     -233.998     7.28   3    1.188
        52    236.589    111.895     -219.207    15.83   3    2.636
        53    221.136    103.113       155.81     9.54   3    1.523
        54    638.949     93.871      462.786     5.52   0    1.679
        55    289.092     94.598      773.994     7.36   0    1.647
        56    228.345    110.329     -353.538    13.36   3    1.810
        57   1152.496    100.734      124.969     8.33   0    1.405
        58     17.482    114.793      1011.29     6.79   0    1.270
        59    407.581    127.091       1774.5    12.65   3    1.258
        60    413.579    130.689       1410.5     9.23   3    1.776
        61   1086.087    113.527      368.486     4.77   0    2.584
        62    288.297    125.508      1521.78    10.12   3    1.329
        63    283.629    130.764     -32.6634     7.08   3    1.129
        64    292.000    129.447      506.549     6.48   3    1.746
        65    269.409    138.656      -515.69    12.37   3    1.496
        66    289.286    133.399     -342.871     7.99   3    1.435
        67    800.935    142.501      1914.74    15.20   2    1.068
        68    276.000    144.959      836.793     8.75   3    2.486
        69    410.653    134.290      790.043     6.24   3    1.710
        70    731.785    138.028      547.355     6.18   3    1.435
        71    728.460    137.486      1080.64     5.98   3    1.130
        72    107.717    145.018       991.78     8.37   3    2.033
        73    807.121    151.733      1881.53    11.03   3    1.797
        74    104.230    144.752      95.4417     6.48   3    1.680
        75   1044.413    146.009      110.711     8.63   3    1.755
        76   1039.679    148.496      455.895     6.68   3    1.488
        77    273.288    148.224      845.267    10.27   3    2.089
        78    104.663    157.398     -540.825    10.71   3    1.518
        79    808.675    147.001      25.4228     5.81   3    1.372
        80    661.507    160.012      237.435     9.68   3    2.519
        81    111.166    157.405    0.0714299    10.76   3    1.168
        82   1045.301    150.988     -150.958     8.34   3    1.532
        83    987.897    148.277      230.407     5.49   0    1.668
        84     93.850    156.681     -1529.01     8.67   3    1.606
        85     87.634    157.773     -66.4733     6.79   3    1.803
        86    264.664    995.792     -1691.53    17.69   3    1.390
        87   1054.294   1163.233      324.032     5.37  27    1.694
        88   1049.684   1161.314      580.454     8.68  18    1.122
        89    950.581   1162.192      1033.31     7.00  24    1.580
        90    571.500   1160.000      1569.91     8.42  19    1.129
        91    564.501   1160.000      1501.42     9.54  19    1.151
        92    304.613   1161.768      565.318     7.06  19    1.254
        93    301.228   1161.718      888.455     5.97  19    1.610
        94    416.297   1160.662      949.205     5.60  19    1.263
        95    418.936   1157.390      1269.42     9.15  18    1.525
        96    192.926   1158.381      150.752     6.64  16    1.606
        97    873.679    986.698     -527.951     8.55   3    1.768
        98    870.636    979.504      1003.27    10.81   3    1.412
        99    280.503    984.523      883.467     5.85   3    1.228
       100    280.516    981.461      647.243     6.15   3    1.087
       101    428.403    983.421      1222.53     6.05   0    1.057
       102     63.042    959.367      1934.92    32.67   2    1.338
       103     50.874    963.803      178.375     8.48   3    1.369
       104    714.335    965.910      437.295     7.41   3    1.629
       105    716.513    969.524      518.477     5.98   3    1.196
       106    720.005    967.517      908.395     6.42   3    2.875
       107   1108.685    967.514      962.357     5.96   0    1.025
       108    460.174    959.239     -79.0794     7.59   3    1.585
       109    462.965    963.497       651.98     5.68   3    1.284
       110    465.665    959.354      1004.89     8.69   3    1.170
       111    667.465    960.136      355.948     4.59   0    2.416
       112     90.103    954.599      1318.83    10.87   0    1.307
       113    650.786    954.446      1074.19     7.16   0    1.570
       114    349.150    952.807      887.191     8.23   0    1.200
       115    739.730    945.376      1306.29     6.67   0    1.299
       116    319.703    943.663       706.97     6.93   3    1.543
       117    317.328    941.303      703.407     6.50   3    1.790
       118    668.786    940.569      518.276     5.66   3    2.128
       119    677.989    938.913      479.485     8.58   3    1.675
       120    673.502    933.710      -391.78    10.37   3    1.420
       121    678.847    933.643     -146.648     5.54   3    1.383
       122   1166.796    936.959      535.245     7.61  24    1.610
       123    508.992    932.000     -34.4629     8.11   3    2.544
       124    513.000    928.537     -825.976     7.24   3    1.503
       125    509.783    922.752      449.171     6.80   3    2.561
       126    501.874    927.954      250.259    10.24   3    4.714
       127    505.649    924.600     -449.297     5.98   3    1.112
       128    891.977    922.184      1130.57    10.81   0    1.437
       129    763.345    924.563      815.026     6.05   0    1.822
       130   1013.311    911.983      522.002     8.12   3    1.914
       131   1012.000    917.938       947.76     5.15   3    2.001
       132   1010.296    914.354      1115.71     5.48   3    1.436
       133    196.223    917.966      108.125     6.96   0    1.800
       134    402.660    914.915       449.71     4.87   0    1.405
       135   1079.330    913.168      580.783     6.62   0    1.307
       136    273.745    910.008     -405.086    10.75   0    1.452
       137    501.120    909.131      590.082     6.96   3    1.476
       138    497.652    906.963      997.622     8.82   3    1.758
       139    575.467    900.327      447.755     7.84   3    1.251
       140    576.289    907.061      468.696    11.76   3    1.393
       141    570.609    904.413     -88.4758     7.72   3    2.533
       142    639.534    903.502      397.396     6.09   0    1.170
       143    529.106    901.993      144.222     5.75   0    1.393
       144    598.957    894.194     -18.9761     8.48   0    1.481
       145    452.247    893.701      91.5344     6.84   0    1.168
       146    343.688    891.414       973.86     6.61   0    1.288
       147    582.704    879.641     -122.285     7.28   3    1.151
       148    590.799    879.216      833.901    10.59   3    2.827
       149    586.632    876.657      562.644     7.90   3    1.727
       150     91.691    878.393      46.3435     9.88   0    1.062
       151    417.538    872.501      1212.01     6.10   0    1.022
       152    519.088    867.406      568.416     6.07   0    1.706
       153    327.179    866.750       229.27     6.24   0    1.397
       154    729.689    858.534      586.543     6.71   0    1.508
       155    199.828    859.655      1243.03     7.78   0    1.884
       156    332.520    858.059      340.261     8.40   3    2.100
       157    329.286    857.653      802.233     5.43   3    1.275
       158    612.000    854.096      605.626     6.00   3    2.175
       159    610.312    851.333      836.113     5.65   3    1.325
       160    146.990    848.566      983.685     8.62   0    1.548
       161    117.468    848.647      624.761    10.75   3    1.276
       162    112.559    846.499      441.821     5.44   3    1.350
       163    115.048    843.769      704.683     5.16   3    1.516
       164    657.643    845.290     -15.4573     5.78   3    1.408
       165    654.562    842.500      544.515     5.44   3    1.306
       166    660.549    842.511      407.488     6.58   3    1.331
       167    658.021    840.000      662.939     5.59   3    1.606
       168   1101.958    841.961      570.935     9.55   0    1.161
       169     26.138    843.759      246.325     9.96   3    1.240
       170     21.630    840.745      172.115     5.45   3    1.123
       171     26.874    838.196     -520.778     7.51   3    1.546
       172    239.927    834.347      1354.11    12.87   2    1.416
       173    234.970    831.693      719.984     5.75   3    1.079
       174    112.669    829.723      73.9725     9.35   0    1.298
       175   1131.947    824.192     -386.723    10.43   3    1.452
       176   1134.185    830.350      798.009     7.10   3    1.193
       177   1137.141    825.696      456.284     7.99   3    2.130
       178    778.831    820.526     -101.859     9.05   3    1.595
       179    774.903    820.839      70.0993     6.40   3    1.822
       180    689.580    819.448      1002.03     6.03   0    1.050
       181    936.025    809.849      515.861     6.20   3    2.591
       182    935.830    804.966      943.564     7.21   2    1.093
       183    880.910    809.951      228.385     5.79   0    1.397
       184    172.370    809.237      201.204     6.25   0    1.246
       185    199.569    808.473      403.437     7.07   0    1.856
       186    565.272    803.492      1026.58     7.67   0    1.667
       187   1009.657    802.139      264.997     6.82   0    1.335
       188    236.533    785.795      748.154     8.60   0    1.139
       189    855.540    782.766      1034.17     7.59   3    2.032
       190    855.282    778.549     -15.9438     7.59   3    2.235
       191    607.083    783.005     -121.088     7.18   0    1.081
       192    795.832    771.444      736.814     7.98   0    1.925
       193     35.371    767.796      598.303     6.32   3    1.407
       194     32.000    767.987      164.024     5.86   3    1.631
       195     17.239    765.782      235.342     6.85   3    1.394
       196     14.772    762.052      626.414     9.68   3    1.377
       197    543.589    758.407       344.89     6.53   0    1.861
       198    918.187    751.579      511.509     6.49   0    1.257
       199    838.000    746.007     -127.844     5.76   3    1.706
       200    841.204    749.020      963.864     6.58   3    1.102
       201    842.362    744.082      678.756     8.10   3    1.853
       202    635.845    744.804      177.773     5.49   0    1.667
       203   1041.664    741.324      778.327     9.78   3    1.651
       204   1045.861    734.386      373.634    10.67   3    2.455
       205   1040.562    734.001      67.6161     5.68   3    1.135
       206   1153.695    735.860     -28.9039     8.07   3    1.777
       207   1155.743    732.008      215.241     6.95   3    1.485
       208   1109.631    735.787     -127.718    10.70   3    1.289
       209   1114.316    731.706       792.97     4.72   3    1.490
       210   1110.500    730.000      631.894     7.06   3    2.002
       211    866.182    726.341      419.781     7.03   3    1.270
       212    868.663    722.430      558.839     8.88   3    1.381
       213    739.762    722.466      30.9533     6.60   0    1.475
       214    337.357    721.086      339.757     6.56   0    1.261
       215    528.919    716.186     -295.356     9.86   0    1.094
       216    313.009    715.451     -845.181     6.53   3    1.628
       217    313.000    710.894       43.195     5.35   3    1.695
       218    316.518    708.031      116.557     7.67   3    1.438
       219    317.617    717.386       809.48     8.83   3    2.016
       220    321.368    713.759      429.257     6.30   3    1.812
       221    934.719    713.131      657.229     9.22   3    2.609
       222    940.103    709.973      1249.31     9.64   3    1.705
       223    928.323    703.473      60.0076    12.45   3    2.648
       224    935.310    701.618      726.623    14.55   3    1.550
       225    494.462    711.653       1200.7     8.82   3    1.560
       226    497.998    709.604       281.38     6.42   3    1.447
       227   1009.952    711.424      664.023     6.27   0    1.780
       228    507.955    703.564      361.311     7.32   0    1.616
       229     38.974    699.873      642.045     9.75   0    1.217
       230    135.022    702.515      689.987     4.80   0    2.615
       231    695.979    686.581     -136.995    11.12   3    1.416
       232    695.988    701.206      315.088    10.10   3    2.141
       233    702.227    697.561     -951.298    15.58   3    1.475
       234    688.108    693.159     -816.178    10.18   3    1.845
       235    690.006    688.592     -93.3657     6.51   3    1.963
       236    808.845    686.438      425.233     8.08   0    1.698
       237    563.344    684.003      496.709     5.22   0    2.071
       238    717.932    678.879      1637.02    10.73   3    2.419
       239    712.646    676.797      155.086    10.66   3    1.406
       240   1126.117    679.977      425.117     8.03   3    1.631
       241   1129.705    679.503      781.545     6.99   3    1.817
       242    893.777    676.287     -203.054    10.56   0    1.399
       243    567.010    669.615      472.819     8.82   0    1.135
       244    231.879    666.068      118.649     8.22   2    2.071
       245    228.770    667.976      760.371     5.64   3    1.112
       246    118.623    663.064      644.944     6.79   0    1.077
       247    150.777    660.158      702.019     6.88   0    1.232
       248   1076.987    656.595      1214.94     6.83   0    1.285
       249    756.614    639.772      583.005     8.85   0    1.168
       250     32.807    638.825      897.578    10.29   0    1.057
       251    992.076    627.805      233.295     8.40   0    1.322
       252    159.954    628.000      201.664     5.79   3    1.595
       253    159.991    624.490      61.8525     6.62   3    1.222
       254    725.414    611.189      1039.67     9.21   3    1.530
       255    722.352    616.283      369.654     4.91   3    1.280
       256    719.763    611.511       287.63     8.92   3    1.679
       257   1014.105    613.493      1147.57     8.48   0    1.507
       258    357.200    612.633      1085.09     6.85   3    2.259
       259    354.969    609.782      226.269     6.78   3    1.767
       260     74.636    611.706      1280.32     7.98   0    1.809
       261    884.951    597.768     -1047.35    17.33   3    1.433
       262    892.496    608.051      1738.14    16.64   3    1.378
       263    882.676    607.834     -43.1343     9.00   3    1.275
       264     61.585    608.103      186.266     8.72   3    1.431
       265     57.142    604.546      86.8275     8.40   3    1.531
       266    449.973    603.985      -741.06     9.92   3    1.324
       267    455.708    606.688     -402.821     6.51   3    1.491
       268    455.998    601.316      85.0346     6.46   3    1.320
       269    362.692    601.970     -1578.55    10.00   3    2.593
       270    369.894    601.827      844.246    10.24   3    1.570
       271    365.544    597.694      74.4248     9.00   3    1.579
       272   1041.706    604.990      464.495     9.75   3    1.178
       273   1047.010    602.014      1018.58    13.03   2    2.798
       274    993.188    600.606      784.783     8.74   0    1.747
       275    948.206    602.851      135.799     5.47   0    1.692
       276    583.124    593.903      2458.81    11.27   1    7.258
       277    260.525    600.497      989.307     6.27   0    1.084
       278   1013.306    592.707     -421.903     7.42   3    1.988
       279   1018.000    592.953      582.181     8.78   3    3.240
       280   1015.751    588.623      1045.38     5.06   3    1.310
       281    345.513    593.633      2606.36    13.37   3    1.189
       282    356.240    591.565     -108.211    12.30   3    1.056
       283    349.640    585.916     -258.079     9.32   3    2.634
       284    237.511    595.345      114.256     4.64   0    2.441
       285    688.613    594.192     -85.9981     6.52   3    1.347
       286    685.809    592.341      1243.14     7.29   3    2.067
       287    606.077    593.000     -216.892     6.48   3    1.437
       288    603.469    590.488      218.692     9.28   3    1.930
       289     13.220    585.840      776.851     7.89   0    1.447
       290    595.697    581.118      2975.04    11.74   1    7.668
       291    571.751    581.118       2841.5    11.83   3    7.743
       292    583.130    570.310      2321.25    11.64   3    7.796
       293    712.721    576.169      890.006     5.50   0    1.841
       294   1073.716    572.121      1582.63     7.25   0    1.100
       295    588.236    563.557      -590.62     8.74   1    1.177
       296    967.067    540.547      2575.92    12.83   0    1.124
       297    758.344    542.092      794.689     6.61   3    2.227
       298    761.401    539.498      806.067     8.45   3    1.280
       299    322.382    543.040      162.061     8.65   2    1.785
       300    325.833    541.384      311.074     5.28   3    1.316
       301    128.035    537.771      468.587     5.54   0    1.543
       302   1027.344    525.844      200.714     7.17   3    1.194
       303   1024.007    527.000      147.785     4.94   3    1.392
       304     87.989    514.204      626.839    10.20   3    1.622
       305     84.626    518.998      638.683     6.35   3    1.183
       306     81.828    515.808      508.896     8.57   3    1.506
       307    399.585    506.861      1099.15     6.43   0    1.172
       308   1087.950    497.480      212.195     6.55   0    1.274
       309    559.345    495.911      396.206     5.45   0    1.727
       310     33.247    489.525      762.102     6.72   0    1.245
       311   1157.871    481.490       336.52     7.45   0    2.004
       312    318.999    483.732      451.098     6.24   3    1.582
       313    316.191    480.629        898.4     7.76   3    1.848
       314    477.423    476.986      688.345     5.02   0    2.106
       315     12.996    466.750      429.355     4.97   0    1.315
       316    836.784    462.267      897.811     7.66   0    2.524
       317    237.491    462.996      446.423     7.19   3    1.363
       318    237.339    459.678     -211.158     5.44   3    1.647
       319    457.523    458.491      590.439     7.22   3    1.242
       320    454.000    457.960      753.468     6.66   3    2.133
       321    160.986    459.655      197.523     5.38   0    1.651
       322    134.201    450.693      238.007     5.99   3    2.533
       323    136.471    446.513      376.144     8.14   3    2.209
       324    139.311    454.608     -100.692     8.81   3    1.207
       325    143.543    450.661      910.598    10.07   3    2.129
       326    930.504    447.086      91.8092     7.75   3    1.679
       327    931.934    440.350     -31.6813    12.88   3    1.895
       328    783.148    443.282     -83.2412     7.58   3    2.759
       329    776.096    445.419      2030.43    14.55   3    1.301
       330    778.857    439.848      246.726     7.16   3    2.623
       331    393.251    444.493      1087.95     6.01   0    1.026
       332    224.507    438.905      1199.69    10.78   0    1.024
       333    911.621    432.667       768.89     6.41   0    1.224
       334    468.707    427.404      1428.89     8.89   1    1.465
       335    812.362    424.559       591.38     5.89   0    1.005
       336    477.824    420.775      940.817     9.97   3    2.328
       337    481.504    424.680      1005.94     8.59   3    1.309
       338    485.538    422.027      1676.91    10.24   3    2.399
       339   1111.884    416.702     -247.362    12.99   3    2.093
       340   1107.007    413.940      201.563     5.70   3    1.172
       341   1108.093    424.146     -200.327     8.16   3    2.185
       342   1103.811    421.589      -804.75     9.99   3    1.808
       343    312.789    421.797      468.809     5.61   0    1.619
       344    714.545    408.958     -43.9786     9.61   3    1.362
       345    712.952    417.784       914.72    12.27   3    1.323
       346    710.365    413.745     -142.376     5.95   3    1.330
       347    428.719    412.757      825.254     5.45   0    2.164
       348    966.971    400.564      723.572     8.92   0    1.037
       349    486.918    396.690      954.486     8.23   0    1.153
       350    436.467    390.146      310.834    16.41   2    1.234
       351    442.732    390.445      776.754     7.26   3    2.531
       352   1158.742    389.290     -301.648     7.13   0    1.739
       353    569.071    388.106      271.964     7.63   0    1.905
       354    617.500    366.981     -725.427     6.02   3    1.598
       355    622.069    373.025      1533.09    13.89   3    1.687
       356    614.447    376.805     -151.311     5.74   3    1.471
       357    612.354    371.491      68.1122     8.54   3    1.354
       358    493.836    368.758      1361.65     7.32   0    1.161
       359    839.956    363.791      2117.25     9.45   0    1.297
       360    858.904    364.362      748.787     7.03   0    1.252
       361    653.299    362.989      104.338     5.44   0    1.604
       362     53.357    358.831      141.181    10.98   0    1.436
       363    905.630    355.612      1949.05     8.88   0    1.703
       364    373.543    350.468      819.983    12.69   2    1.788
       365    379.311    356.404      578.158     6.33   3    2.113
       366    383.037    354.570      499.029     8.42   3    1.525
       367    720.954    351.118         2646    11.29   0    1.128
       368    473.134    335.331      473.922     7.47   2    1.151
       369    472.000    331.990      625.042     4.88   3    1.507
       370   1014.851    325.220      884.037     8.03   0    1.443
       371    524.851    323.690       555.42     8.68   2    1.874
       372    521.674    323.660      305.606     5.04   3    1.450
       373    971.867    323.704      299.981     8.82   0    1.143
       374    483.652    323.862      515.967     9.10   0    1.063
       375    164.009    318.962      432.277     9.23   3    1.830
       376    161.000    320.000       528.15     6.66   3    2.456
       377    952.127    307.165      1088.43     9.12   3    1.474
       378    946.738    317.783      816.225     8.63   3    1.550
       379    949.776    313.996      54.4216     7.48   3    2.073
       380     62.595    316.932      563.953     4.90   0    1.409
       381    668.174    309.778      1161.73    12.40   3    1.440
       382    673.013    315.064      239.781     6.71   3    1.288
       383    677.458    310.248      497.337     9.40   3    1.283
       384    673.763    304.633      159.216     5.31   3    1.456
       385    598.184    311.974      1429.51     8.14   0    1.329
       386    721.502    313.019      634.804     5.61   3    1.123
       387    722.135    307.793      69.0329     8.43   3    1.296
       388   1016.053    308.900      959.719     7.14   0    1.030
       389    970.009    306.794      117.877    12.86   3    1.577
       390    972.995    300.297       348.57     5.29   3    1.401
       391    965.169    299.630     -232.245     8.97   3    1.744
       392    969.003    297.268     -40.9532     5.42   3    1.880
       393    774.463    297.748      480.087     8.14   0    1.194
       394    258.341    297.992      59.5587     7.24   0    1.703
       395    726.316    290.715      1206.19     9.92   3    1.734
       396    731.753    287.770     -357.054     6.78   3    1.177
       397    735.562    291.244     -18.0499     7.26   3    2.529
       398    731.018    298.442       26.053     6.55   3    1.142
       399    734.000    295.094     -468.711     6.22   3    1.494
       400    470.864    296.058       24.998     8.09   0    1.581
       401    102.475    292.999      619.654    14.16   2    2.497
       402    105.333    290.313      93.6285     6.69   3    1.494
       403    927.969    289.505     -352.195     5.25   3    1.246
       404    934.593    293.625      534.021    17.73   3    1.356
       405    931.832    284.847      -255.21    10.30   3    2.852
       406    643.383    286.496      889.102    12.01   3    1.829
       407    649.496    284.121      427.899    11.61   3    1.581
       408    576.481    283.025      -468.82    10.13   0    1.114
       409    671.000    284.026      206.904     7.70   2    2.742
       410    672.690    281.328      411.338     5.91   3    1.461
       411    625.092    275.693      17.4317    10.91   3    1.992
       412    632.260    276.224      291.025    11.50   3    1.256
       413    628.221    269.644      154.378     5.99   3    1.476
       414    965.634    271.245      257.214     4.98   3    1.293
       415    971.108    274.419     -318.012     9.26   3    1.630
       416    970.569    268.896      23.4221     8.56   3    1.902
       417    269.484    268.589      499.497     7.72   3    2.571
       418    272.613    266.734      635.879     6.86   3    1.560
       419    382.795    264.837      843.091     7.45   0    1.084
       420    755.583    260.371      894.553    10.08   3    2.173
       421    750.959    254.769     -339.036     8.47   3    1.166
       422    748.217    265.137      941.024     8.53   3    2.092
       423    745.225    259.366      1029.03    10.13   3    2.043
       424    860.853    256.589      245.081     6.88   0    1.388
       425    948.495    255.184      441.812     4.80   0    2.617
       426    471.463    247.139      788.153     8.91   3    1.978
       427    475.029    242.699     -397.027     6.79   3    1.894
       428    464.900    240.350      584.677     9.94   3    2.141
       429    470.380    236.920      1067.36    10.63   3    1.627
       430    638.467    243.575      608.728     7.00   3    1.756
       431    640.693    239.936      424.311     7.25   3    1.669
       432    561.284    241.315      573.092     6.20   0    1.625
       433     19.066    232.722     -434.209     8.59   3    1.642
       434     26.446    233.962      923.811    12.88   3    1.325
       435     23.807    227.096      311.416     8.59   3    1.915
       436    197.028    232.687      228.429     6.14   0    1.888
       437    141.401    232.778      569.473     6.35   3    2.400
       438    142.582    228.580      302.415    10.25   2    1.188
       439    503.148    226.988      2303.89    11.95   0    1.203
       440    176.366    223.407      788.122     6.45   0    1.052
       441   1005.516    220.025      381.522     4.76   0    2.569
       442    201.500    211.541      650.966     7.37   3    2.346
       443    201.654    208.299      509.168     6.08   3    1.100
       444    314.485    203.385      623.931     9.08   0    1.207
       445    698.936    187.952       280.02    12.58   0    1.134
       446    505.339    180.956      1668.58     9.54   0    1.201
       447    652.384    179.027     -324.866    13.12   3    1.551
       448    644.705    174.864      129.742     8.83   3    1.904
       449    649.149    171.219     -39.2755     9.63   3    2.083
       450   1148.156    172.999     -2169.42    13.41   3    1.223
       451   1155.170    166.140     -1652.77     9.11  19    1.233
       452   1141.543    167.137     -392.517     7.53   3    1.660
       453   1145.592    160.991     -2386.49    15.54   3    1.502
       454    891.245    171.357      550.449     6.07   0    1.906
       455    820.299    169.003       656.57     7.89   3    2.311
       456    816.315    166.265      362.846    11.11   3    1.309
       457    724.432    166.737      347.094     8.74   0    1.174
       458    639.749    163.041      265.635     5.82   3    1.222
       459    637.595    160.372      53.6318     7.29   3    1.732
       460    442.780    159.167     -377.422     8.91   3    1.867
       461    440.197    154.799      587.739     6.65   3    1.719
       462    437.976    162.271      491.876     6.67   3    1.325
       463    435.325    158.856      1028.29     6.78   3    1.604
       464    340.679   1101.511      444.205     5.01   3    1.124
       465    662.348    156.320      611.743     5.89   3    1.693
       466    535.418    160.448     -875.744     9.39   2    1.150
       467    533.140    155.596      528.516     5.89   3    1.203
       468    344.000   1099.000        360.3     5.47   3    1.706
       469    543.526   1094.552      593.319     5.86   0    1.055
       470    914.930   1157.286      696.019     9.83  16    1.142
       471     90.768    160.628       188.34     6.86   3    1.132
       472    868.006    986.329         1045     7.28   3    1.444
       473     29.507   1112.890      1303.99     6.88   0    1.262
       474      1.929   1142.798      1543.25     7.16  24    2.164
       475    343.968   1104.524      394.714     6.58   3    1.363
       476    193.986    987.239      1772.75     8.53   0    1.395
       477    468.139   1152.924      160.081     7.34   2    2.540
       478    347.006   1101.711     -393.698     5.64   3    1.401
       479    404.701    986.253       293.47     8.39   0    1.514
       480    426.132   1119.018      823.335     8.69   3    1.258
       481    470.597   1150.737      70.6509     6.33   3    1.366
       482   1096.574   1105.736      742.022     7.97   0    1.694
       483    125.420   1143.562      56.7223     8.70   3    2.015
       484    756.130   1139.906      951.447    10.41   0    1.235
       485   1118.152   1137.357      -997.38     8.30   3    1.812
       486    120.260   1144.493      884.204     9.22   3    1.111
       487    166.197   1119.614      1235.78     8.24   0    2.071
       488   1120.086   1141.704     -51.2876    11.07   2    2.159
       489     13.704   1122.021      -64.391     6.58   3    1.593
       490   1019.571   1132.368      355.423     5.84   0    1.862
       491    440.594   1116.691       659.75     5.77   0    1.095
       492    422.006   1120.706      14.7027     6.54   3    1.079
       493     19.663   1121.811      580.837     6.92   3    2.398
       494    392.030   1121.277      1032.28     6.52   0    1.297
       495    731.712   1089.892     -627.593    11.46   3    1.623
       496    403.614   1102.112       836.47     6.71   0    1.273
       497    724.191   1081.368     -1521.96    23.59   3    1.429
       498    659.000    993.975      217.227     7.22   3    2.152
       499   1108.246   1094.863      984.078     8.01   0    1.435
       500     18.313   1125.809      158.947     6.64   3    1.332
       501     46.724   1098.048      705.351     5.54   3    1.395
       502   1135.813   1100.836      2238.19    11.37   2    1.237
       503     50.594   1099.744      1128.84     9.08   3    1.330
       504    720.830   1096.906     -1349.19    23.98   3    1.207
       505    656.164    998.003      -461.98    10.98   3    1.822
       506    852.740    992.558       1378.2     8.70   0    1.424
       507    871.317   1094.665      989.349     6.07   0    1.787
       508    296.609    988.088      2209.39    11.95   0    1.378
       509    735.917   1021.169      91.1356    12.33   3    1.507
       510    650.004   1074.985      179.841     8.32   3    2.070
       511    654.768   1067.177     -285.205    12.37   3    1.918
       512    658.008   1073.996      684.748    10.63   3    2.134
       513    736.472   1011.795     -100.545    10.00   3    1.599
       514    878.667   1065.393      1540.79    10.36   2    1.873
       515   1055.771   1051.282      840.512    16.58   3    1.754
       516   1054.929   1041.854       688.16     7.95   3    2.555
       517    653.498   1077.078      240.442     6.65   3    3.129
       518    853.711   1061.115     -651.715    12.47   3    1.226
       519    847.180   1055.977      420.071     9.79   3    1.612
       520    873.873   1063.674      290.839     6.87   3    1.244
       521    727.797   1016.914       -388.6    17.32   3    1.251
       522    851.750   1053.395       306.25     9.13   3    1.814
       523    666.906   1062.099      574.857     7.11   3    1.131
       524    558.385   1053.002      720.799     6.70   0    1.271
       525    830.001   1068.417      833.589     6.76   0    1.273
       526   1051.319   1045.103       806.31     7.94   3    1.471
       527   1014.505   1058.288      915.524     6.31   0    1.481
       528    662.203   1059.487      369.757    10.17   3    1.493
       529     89.120   1062.591      488.387     6.53   0    1.322
       530   1137.737   1052.853      71.8797     6.09   0    1.631
       531    247.127   1044.624      290.296     5.75   0    2.038
       532    139.244   1033.074      83.9389     6.04   0    1.491
       533    685.833   1029.511      2006.48    15.53   2    2.096
       534    395.725   1029.974      449.726     5.57   3    1.517
       535    960.047   1021.953      2041.69    12.03   0    1.129
       536    654.448    989.999      -254.38     9.97   3    1.245
       537    687.183   1038.370      1162.08    11.92   3    1.516
       538    396.611   1035.224      370.821     7.14   3    1.783
       539    392.788   1033.212      471.519     5.66   3    1.646
       540   1002.324   1013.638      481.952     5.29   0    1.059
       541    988.498   1008.868      423.973     4.78   0    2.592
       542    533.604   1008.183      488.748     7.78   3    2.198
       543    530.992   1005.265      356.105     7.04   3    1.475
       544    397.969   1005.297      2314.16    10.38   0    1.205
       545    322.247   1004.165      59.7312     6.65   3    2.173
       546    326.744   1000.043     -414.577     8.07   3    1.981
       547    320.267    998.242     -1008.93    14.06   3    1.327
       548    261.617    986.029     -775.852    11.31   3    1.583
       549    252.838    983.912     -283.081    11.72   3    1.196
       550    247.062    990.345     -3345.96    21.78   3    1.821
       551    258.476   1001.942     -1892.79    15.70   3    2.064
