#   1 NUMBER          Running object number
#   2 X_IMAGE         Object position along x                         [pixel]
#   3 Y_IMAGE         Object position along y                         [pixel]
#   4 FLUX_AUTO       Flux within a Kron-like elliptical aperture     [count]
#   5 FWHM_IMAGE      FWHM assuming a gaussian core                   [pixel]
#   6 FLAGS           Extraction flags
#   7 ELONGATION      A_IMAGE/B_IMAGE
         1      289.2      241.1    2.405e+03     1.09   0      1.0
         2      369.2      246.4    2.494e+03     1.09   0      1.0
         3      362.5      223.5    8.748e+03     1.09   0      1.0
         4      341.1      373.0    2.062e+03     1.09   0      1.0
         5      287.0      380.0    2.172e+03     1.09   0      1.0
         6      201.3      413.2    3.676e+03     1.09   0      1.0
         7      367.8      268.7    5.326e+03     1.09   0      1.0
         8      215.0      119.0    1.662e+03     1.09   0      1.0
         9      374.9      239.1    1.964e+04     1.09   0      1.0
        10      360.4      279.2    3.564e+04     1.09   0      1.0
        11      522.8      267.2    1.805e+05     1.09   0      1.0
        12      513.3      250.6    8.048e+03     1.09   0      1.0
        13      158.8      426.4    2.739e+04     1.09   0      1.0
        14      364.7      361.8     1.38e+04     1.09   0      1.0
        15      429.0      189.5    1.829e+04     1.09   0      1.0
        16      337.3      206.6    5.877e+03     1.09   0      1.0
        17      344.6      228.2    1.712e+03     1.09   0      1.0
        18      288.2      300.9    3.298e+04     1.09   0      1.0
        19      367.3      180.7    1.153e+03     1.09   0      1.0
        20      139.5      465.5    2.145e+03     1.09   0      1.0
        21      272.6      342.2    1.574e+03     1.09   0      1.0
        22      96.32      184.7    2.306e+03     1.09   0      1.0
        23      276.5      446.3    1.542e+03     1.09   0      1.0
        24      429.4      313.6    7.747e+03     1.09   0      1.0
        25      62.28      229.1    8.717e+04     1.09   0      1.0
        26      60.32      307.4    8.029e+03     1.09   0      1.0
        27      47.32      310.2    1.836e+03     1.09   0      1.0
        28      439.2      387.0    2.472e+03     1.09   0      1.0
        29      359.9      376.8     7.13e+03     1.09   0      1.0
        30      336.7      428.3    2.535e+03     1.09   0      1.0
        31      316.2      409.9    2.259e+03     1.09   0      1.0
        32      330.9      483.2    1.347e+05     1.09   0      1.0
        33      314.4      500.1     7.56e+03     1.09   0      1.0
        34      322.5      499.9    3.237e+04     1.09   0      1.0
        35      288.2      439.5    1.199e+05     1.09   0      1.0
        36      260.5      446.2    3.903e+06     1.09   0      1.0
        37      266.9      442.8    5.986e+03     1.09   0      1.0
        38      280.3       28.8    5.527e+03     1.09   0      1.0
        39      466.9      100.7    1.595e+03     1.09   0      1.0
        40      440.8      126.7    4.281e+03     1.09   0      1.0
        41      458.1      400.3    4.506e+03     1.09   0      1.0
        42       46.6      122.4    7.575e+04     1.09   0      1.0
        43      26.99      258.2    1.619e+03     1.09   0      1.0
        44      178.1      21.85    1.986e+03     1.09   0      1.0
        45      40.95      357.4    2.003e+03     1.09   0      1.0
        46      209.1      239.9    2.189e+03     1.09   0      1.0
        47      173.7      64.43    2.025e+03     1.09   0      1.0
        48      271.6      102.7    2.425e+03     1.09   0      1.0
        49      348.2      171.3    3.519e+03     1.09   0      1.0
        50      457.8      387.7    1.185e+03     1.09   0      1.0
        51      367.8      81.26    1.957e+03     1.09   0      1.0
        52      351.7      29.12    2.776e+03     1.09   0      1.0
        53      373.1      40.67    1.862e+04     1.09   0      1.0
        54      182.5      505.5      1.4e+03     1.09   0      1.0
        55      183.6      476.6    8.044e+03     1.09   0      1.0
        56      137.2      54.44    3.131e+03     1.09   0      1.0
        57      389.9      311.2    2.761e+03     1.09   0      1.0
        58      67.52      94.21    2.243e+05     1.09   0      1.0
        59      378.5      179.7    1.833e+04     1.09   0      1.0
        60      187.9      53.05     1.89e+03     1.09   0      1.0
        61      76.16      170.7    5.129e+04     1.09   0      1.0
        62      119.1      292.6    3.848e+03     1.09   0      1.0
        63      100.3      220.4    4.008e+03     1.09   0      1.0
        64      84.91      185.6    1.903e+03     1.09   0      1.0
        65      132.6      284.6    4.316e+03     1.09   0      1.0
        66      119.2      150.2    1.247e+03     1.09   0      1.0
        67      95.49      158.5    2.411e+04     1.09   0      1.0
        68      478.7      138.7     1.45e+03     1.09   0      1.0
        69      20.73      164.1    2.278e+03     1.09   0      1.0
        70       62.1      282.0    2.105e+03     1.09   0      1.0
        71      53.16      206.2    2.144e+03     1.09   0      1.0
        72      82.99      245.7    3.861e+03     1.09   0      1.0
        73      232.8      102.2     1.75e+05     1.09   0      1.0
        74      260.4      237.3    1.476e+05     1.09   0      1.0
        75      216.3      95.81    4.206e+03     1.09   0      1.0
        76      281.3      209.7     7.89e+03     1.09   0      1.0
        77      195.1      238.4    1.038e+04     1.09   0      1.0
        78      194.6      186.7    2.624e+03     1.09   0      1.0
        79      125.0      149.9    2.732e+05     1.09   0      1.0
        80      170.2      231.9    1.114e+04     1.09   0      1.0
        81      211.4      130.5    2.142e+03     1.09   0      1.0
        82      200.5      168.2    2.065e+03     1.09   0      1.0
        83      32.22      355.8    1.959e+03     1.09   0      1.0
        84      203.4      274.8     2.04e+03     1.09   0      1.0
        85      42.47      376.8     4.24e+03     1.09   0      1.0
        86      328.0      400.2        745.9     1.09   0      1.0
        87      59.39      379.2    1.944e+03     1.09   0      1.0
        88      71.54      341.4    1.597e+04     1.09   0      1.0
        89      114.8      414.4    8.299e+04     1.09   0      1.0
        90      100.6      333.0    2.493e+03     1.09   0      1.0
        91      306.2      231.0    1.458e+05     1.09   0      1.0
        92      300.2      231.3     2.51e+03     1.09   0      1.0
        93      323.8      212.9     6.31e+03     1.09   0      1.0
