#   1 NUMBER          Running object number
#   2 X_IMAGE         Object position along x                         [pixel]
#   3 Y_IMAGE         Object position along y                         [pixel]
#   4 FLUX_AUTO       Flux within a Kron-like elliptical aperture     [count]
#   5 FWHM_IMAGE      FWHM assuming a gaussian core                   [pixel]
#   6 FLAGS           Extraction flags
#   7 ELONGATION      A_IMAGE/B_IMAGE
         1     300.03     65.074    3.692e+04     1.09   0      1.0
         2      300.1     65.079    1.349e+04     1.09   0      1.0
         3      300.0     65.086    1.892e+04     1.09   0      1.0
         4      300.0      65.13    1.861e+04     1.09   0      1.0
         5     299.89     65.105    1.774e+05     1.09   0      1.0
         6     299.93     65.139    7.961e+03     1.09   0      1.0
         7     299.95     65.146    1.469e+05     1.09   0      1.0
         8     299.86     65.148    1.057e+04     1.09   0      1.0
         9     299.91     65.148    1.487e+05     1.09   0      1.0
        10     299.85     65.146    1.101e+04     1.09   0      1.0
        11     300.12     65.093    7.965e+03     1.09   0      1.0
        12     300.11     65.157    1.823e+05     1.09   0      1.0
        13     300.04     65.133    1.834e+04     1.09   0      1.0
        14      300.1     65.152    8.114e+03     1.09   0      1.0
        15     300.15     65.152    7.681e+03     1.09   0      1.0
        16     300.14     65.159    1.368e+04     1.09   0      1.0
        17     300.14     65.198    2.217e+04     1.09   0      1.0
        18     299.99     65.144    8.831e+03     1.09   0      1.0
        19      300.0     65.149    2.211e+04     1.09   0      1.0
        20     299.99     65.161    3.601e+04     1.09   0      1.0
        21     300.04     65.172    7.818e+03     1.09   0      1.0
        22     299.99     65.187    1.405e+04     1.09   0      1.0
        23     299.93     65.168    3.238e+04     1.09   0      1.0
        24     299.93     65.212    1.206e+05     1.09   0      1.0
        25     300.06     65.216    6.713e+04     1.09   0      1.0
        26     299.97     65.226    1.356e+05     1.09   0      1.0
        27     299.91     65.214    3.874e+06     1.09   0      1.0
