#   1 NUMBER          Running object number
#   2 X_IMAGE         Object position along x                         [pixel]
#   3 Y_IMAGE         Object position along y                         [pixel]
#   4 FLUX_AUTO       Flux within a Kron-like elliptical aperture     [count]
#   5 FWHM_IMAGE      FWHM assuming a gaussian core                   [pixel]
#   6 FLAGS           Extraction flags
#   7 ELONGATION      A_IMAGE/B_IMAGE
         1    463.971     16.025      33749.1     3.73   0    1.208
         2    393.875      1.881      10763.9     5.22  24    2.016
         3    218.062    481.830      18671.8     3.67   0    1.246
         4    372.090    511.461      12687.3     3.74  24    1.214
         5     28.119    446.138       3663.9     3.97   0    1.328
         6    267.384    439.338      2384.95     4.00   0    1.468
         7    308.461    417.152      21134.5     3.60   0    1.245
         8    142.570    412.583      3084.45     5.86   0    1.293
         9    520.184    402.333      22529.9     4.13  16    1.182
        10    373.327    382.054       163553     3.75   0    1.187
        11    218.715    378.689      10918.9     2.81   0    1.503
        12    401.494    360.993      1509.68     3.49   0    1.207
        13     31.411    357.939      4121.44     3.92   0    1.455
        14    439.436    357.098      6864.81     1.02   0    1.110
        15    114.794    326.221      1801.64     3.88   0    1.362
        16    287.868    313.479        15865     3.52   0    1.277
        17    219.276    285.973      20174.6     3.35   0    1.337
        18     85.943    272.976      4846.28     3.53   0    1.410
        19    475.278    273.528      1888.94     3.33   0    1.029
        20     85.740    257.323      18580.1     3.40   3    1.360
        21     92.634    254.047      7988.25     3.28   3    1.382
        22     14.609    255.963      2875.56     3.37   0    1.392
        23    319.087    243.873       2419.8     3.42   0    1.509
        24    146.903    230.938       105534     3.48   0    1.309
        25    221.696    229.805      17634.4     3.45   0    1.334
        26    174.922    223.785       4563.8     3.71   0    1.408
        27    101.550    207.281      2377.94     3.24   0    1.249
        28    213.847    183.082      46124.9     3.58   0    1.316
        29    278.820    161.346      1634.21     3.11   0    1.381
        30    341.564    151.621      9484.09     3.46   0    1.315
        31    106.494    145.018      2586.74     3.53   0    1.401
        32     76.276    134.594      15292.9     3.44   0    1.317
        33    264.730    118.218       2569.2     3.63   0    1.392
        34     17.570    111.597      1479.84     3.84   0    1.178
        35     89.560     54.442      3057.23     3.34   0    1.463
        36    383.400     44.495      8150.74     3.63   0    1.265
        37    174.199     38.160      4239.62     3.63   0    1.412
        38    215.899     26.429      3554.62     3.36   0    1.279
        39    400.492    492.668      2083.44     4.87   0    1.257
