#   1 NUMBER          Running object number
#   2 X_IMAGE         Object position along x                         [pixel]
#   3 Y_IMAGE         Object position along y                         [pixel]
#   4 FLUX_AUTO       Flux within a Kron-like elliptical aperture     [count]
#   5 FWHM_IMAGE      FWHM assuming a gaussian core                   [pixel]
#   6 FLAGS           Extraction flags
#   7 ELONGATION      A_IMAGE/B_IMAGE
         1      171.3      59.68    4.239e+03     1.09   0      1.0
         2      141.2      66.48    9.483e+03     1.09   0      1.0
         3      157.2      117.6    8.376e+03     1.09   0      1.0
         4      231.6      106.9    4.625e+04     1.09   0      1.0
         5      245.6      117.9    6.564e+03     1.09   0      1.0
         6      17.48      13.91    5.588e+03     1.09   0      1.0
         7     -2.438      55.05    5.476e+03     1.09   0      1.0
         8     -81.91      82.31    6.733e+04     1.09   0      1.0
         9     -46.34      95.48    1.309e+04     1.09   0      1.0
        10     -63.58      127.4    3.098e+03     1.09   0      1.0
        11     -53.23      169.0    1.087e+04     1.09   0      1.0
        12       79.9      142.3    2.251e+05     1.09   0      1.0
        13      88.48      197.8     8.25e+04     1.09   0      1.0
        14      33.17      189.9    2.115e+04     1.09   0      1.0
        15    -0.1422      197.9    5.284e+05     1.09   0      1.0
        16      84.66      264.3    7.353e+04     1.09   0      1.0
        17      203.8      215.8    7.818e+03     1.09   0      1.0
        18      165.6      298.0    7.605e+04     1.09   0      1.0
        19      194.0      342.7    3.028e+03     1.09   0      1.0
        20      188.6      421.2    1.093e+05     1.09   0      1.0
        21      139.5      446.9    1.266e+04     1.09   0      1.0
        22      80.03      496.4     8.56e+04     1.09   0      1.0
        23     -64.81      224.2    3.607e+04     1.09   0      1.0
        24     -73.08      246.7    2.137e+04     1.09   0      1.0
        25     -73.05      228.0    8.906e+04     1.09   0      1.0
        26      -40.0      310.3    9.312e+03     1.09   0      1.0
        27     -18.78      387.6    4.238e+03     1.09   0      1.0
        28     -6.342      413.3    5.643e+03     1.09   0      1.0
        29     -10.13      412.9    7.359e+03     1.09   0      1.0
