#   1 NUMBER          Running object number
#   2 X_IMAGE         Object position along x                         [pixel]
#   3 Y_IMAGE         Object position along y                         [pixel]
#   4 FLUX_AUTO       Flux within a Kron-like elliptical aperture     [count]
#   5 FWHM_IMAGE      FWHM assuming a gaussian core                   [pixel]
#   6 FLAGS           Extraction flags
#   7 ELONGATION      A_IMAGE/B_IMAGE
         1     202.93     418.71    2.729e+04     1.09   0      1.0
         2     520.67     104.05    8.383e+03     1.09   0      1.0
         3     177.73     128.71    5.546e+03     1.09   0      1.0
         4     240.21     236.96    3.488e+03     1.09   0      1.0
         5     476.54     468.74    3.449e+03     1.09   0      1.0
         6     423.11     266.74    3.174e+03     1.09   0      1.0
         7      80.02     392.59    1.898e+03     1.09   0      1.0
         8     34.555     236.73      1.5e+03     1.09   0      1.0
         9     198.31     42.365        715.0     1.09   0      1.0
        10     37.967     122.96    5.149e+03     1.09   0      1.0
        11     262.14     449.46    3.468e+03     1.09   0      1.0
        12     201.64     242.47    2.533e+03     1.09   0      1.0
        13     369.99     422.79    1.334e+03     1.09   0      1.0
        14     81.713     491.37    1.114e+03     1.09   0      1.0
        15     405.38     15.314    1.025e+03     1.09   0      1.0
        16     45.829     187.44        997.2     1.09   0      1.0
        17     334.27     44.573        622.7     1.09   0      1.0
        18     461.11      271.0        340.3     1.09   0      1.0
        19     87.004     169.53    4.931e+03     1.09   0      1.0
        20     225.97     412.83     2.99e+03     1.09   0      1.0
        21     225.45     295.77    1.031e+03     1.09   0      1.0
        22     100.86     481.72        821.7     1.09   0      1.0
        23     399.59     469.32        668.6     1.09   0      1.0
        24     295.94     76.222        375.7     1.09   0      1.0
        25     125.56     238.36        332.9     1.09   0      1.0
        26     501.61     83.308        333.2     1.09   0      1.0
        27     463.52     253.12        150.4     1.09   0      1.0
        28     20.597     146.86    1.467e+03     1.09   0      1.0
        29     319.68     509.26    1.131e+03     1.09   0      1.0
        30     298.22     243.53        939.7     1.09   0      1.0
        31      117.2     402.49        552.0     1.09   0      1.0
        32     455.93     374.77        462.1     1.09   0      1.0
        33     43.081     331.28        331.5     1.09   0      1.0
        34     450.79     53.359        249.3     1.09   0      1.0
        35     415.24     252.82        148.4     1.09   0      1.0
        36     217.36     66.762        117.3     1.09   0      1.0
        37     286.18      277.3        705.4     1.09   0      1.0
        38     255.02     463.62        630.7     1.09   0      1.0
        39     40.041     493.97        462.2     1.09   0      1.0
        40     62.127     176.99        460.3     1.09   0      1.0
        41     407.01     58.534        241.0     1.09   0      1.0
        42     146.79     243.66        220.0     1.09   0      1.0
        43     414.65     353.71        188.0     1.09   0      1.0
        44     515.75     343.06        113.1     1.09   0      1.0
        45     277.76     66.287        65.82     1.09   0      1.0
        46     114.17      23.59        446.8     1.09   0      1.0
        47     343.71     201.52        390.5     1.09   0      1.0
        48     213.99     505.52        376.4     1.09   0      1.0
        49     29.169     488.32        217.2     1.09   0      1.0
        50       33.3     302.67        186.0     1.09   0      1.0
        51     438.04     95.659        142.0     1.09   0      1.0
        52     368.85     378.64        100.1     1.09   0      1.0
        53     291.96      110.4        40.72     1.09   0      1.0
        54     373.53     208.77        38.63     1.09   0      1.0
        55     301.09     193.47        374.9     1.09   0      1.0
        56     290.03     346.95        334.4     1.09   0      1.0
        57     58.051     19.035        310.6     1.09   0      1.0
        58     69.383     456.51        197.7     1.09   0      1.0
        59     403.92     127.97        136.1     1.09   0      1.0
        60     94.049     282.89        104.8     1.09   0      1.0
        61     519.25     504.03        90.82     1.09   0      1.0
        62     195.51     174.04        38.74     1.09   0      1.0
        63     410.95     323.13        34.45     1.09   0      1.0
        64     40.585     13.261        283.0     1.09   0      1.0
        65     219.21     219.28        193.7     1.09   0      1.0
        66      286.1     359.25        185.1     1.09   0      1.0
        67     138.37     444.69        163.5     1.09   0      1.0
        68     518.13     37.532        132.9     1.09   0      1.0
        69      52.06     250.46        106.2     1.09   0      1.0
        70      421.6     375.79         79.4     1.09   0      1.0
        71     210.06      129.1        36.26     1.09   0      1.0
        72     434.34     212.35        26.85     1.09   0      1.0
        73     157.19     157.65        218.4     1.09   0      1.0
        74     287.57     230.55        172.1     1.09   0      1.0
        75     220.18      492.5        146.1     1.09   0      1.0
        76     18.478     361.67        144.2     1.09   0      1.0
        77     404.75     112.93        125.2     1.09   0      1.0
        78     66.152     229.22        89.24     1.09   0      1.0
        79     469.99     426.59        47.49     1.09   0      1.0
        80      275.1     46.458        31.52     1.09   0      1.0
        81     440.42     330.94        19.63     1.09   0      1.0
        82     266.41     216.14        171.8     1.09   0      1.0
        83     259.24     378.49        127.4     1.09   0      1.0
        84     152.92     391.14        116.5     1.09   0      1.0
        85     355.82     72.483        96.97     1.09   0      1.0
        86     131.11     61.582        76.15     1.09   0      1.0
        87     67.215     324.07         61.8     1.09   0      1.0
        88     365.65     467.32        31.59     1.09   0      1.0
        89     344.37     306.11        141.0     1.09   0      1.0
        90     225.37     362.64        75.64     1.09   0      1.0
        91      489.5     163.66        88.65     1.09   0      1.0
        92     145.98     200.02        65.96     1.09   0      1.0
        93     96.621     89.165         62.7     1.09   0      1.0
        94     101.24     435.38        51.49     1.09   0      1.0
        95      255.1      221.4        127.2     1.09   0      1.0
        96      353.5     148.71        76.91     1.09   0      1.0
        97      153.5     274.27        51.61     1.09   0      1.0
        98     266.16     402.92        49.57     1.09   0      1.0
        99     139.42     88.088        50.16     1.09   0      1.0
       100      158.6     408.94         25.5     1.09   0      1.0
       101     275.71     186.01         92.0     1.09   0      1.0
       102      439.1     138.18        61.05     1.09   0      1.0
       103     317.63     394.08        47.72     1.09   0      1.0
       104     94.079     211.65        33.85     1.09   0      1.0
       105     84.396     98.656        26.94     1.09   0      1.0
       106      311.3     304.09        64.19     1.09   0      1.0
       107     199.67     367.52        43.59     1.09   0      1.0
       108     385.43     158.46        48.27     1.09   0      1.0
       109     192.84     351.49        41.98     1.09   0      1.0
       110     375.52     126.34         42.6     1.09   0      1.0
       111     212.48     330.54        37.58     1.09   0      1.0
       112     270.18     356.05        38.77     1.09   0      1.0
       113     325.63     241.99        28.23     1.09   0      1.0
       114     242.49     355.21         31.1     1.09   0      1.0
       115     337.64     257.73        25.19     1.09   0      1.0
